export const boring01_IN = [1.0,0.0,0.0,0.0
,0.0,1.0,0.0,0.0
,0.0,0.0,1.0,0.0

,1.0,0.0,0.0,0.0
,0.0,1.0,0.0,0.0
,0.0,0.0,1.0,0.0

,1.0,1.7453292144864463e-08,-6.664107600689855e-24,0.0
,-1.7453292144864463e-08,1.0,-3.4906584289728926e-08,0.0
,-6.092348000597599e-16,3.4906584289728926e-08,1.0,0.0

,1.0,1.7453292144864463e-08,3.332053800344927e-24,0.0
,-1.7453292144864463e-08,1.0,1.7453292144864463e-08,0.0
,3.0461740002987996e-16,-1.7453292144864463e-08,1.0,0.0

,1.0,0.0,0.0,0.0
,0.0,1.0,-1.9493583636176481e-07,0.0
,0.0,1.9493583636176481e-07,1.0,0.0

,1.0,2.1659534610307674e-08,-2.1659536386664513e-08,0.0
,-2.1659538163021352e-08,1.0,-1.516167600357221e-07,0.0
,2.1659532833950834e-08,1.516167600357221e-07,1.0,0.0

,1.0,-1.7453292144864463e-08,1.7453292144864463e-08,0.0
,1.7453292144864463e-08,1.0,3.0461740002987996e-16,0.0
,-1.7453292144864463e-08,3.332053800344927e-24,1.0,0.0

,1.0,0.0,0.0,0.0
,0.0,1.0,-5.235987998730707e-08,0.0
,0.0,5.235987998730707e-08,1.0,0.0

,1.0,-1.7453292144864463e-08,-3.4906584289728926e-08,0.0
,1.7453290368507623e-08,1.0,-3.4906584289728926e-08,0.0
,3.4906584289728926e-08,3.4906584289728926e-08,1.0,0.0

,1.0,1.7453292144864463e-08,-1.7453292144864463e-08,0.0
,-1.7453292144864463e-08,1.0,-1.7453292144864463e-08,0.0
,1.7453292144864463e-08,1.7453292144864463e-08,1.0,0.0

,1.0,0.0,0.0,0.0
,0.0,1.0,-1.7453292144864463e-08,0.0
,0.0,1.7453292144864463e-08,1.0,0.0

,1.0,-0.0,0.0,0.0
,0.0,1.0,3.4906584289728926e-08,0.0
,-0.0,-3.4906584289728926e-08,1.0,0.0

,1.0,3.332053800344927e-24,1.7453292144864463e-08,0.0
,3.0461740002987996e-16,1.0,-1.7453292144864463e-08,0.0
,-1.7453292144864463e-08,1.7453292144864463e-08,1.0,0.0

,1.0,1.7453292144864463e-08,-3.332053800344927e-24,0.0
,-1.7453292144864463e-08,1.0,-1.7453292144864463e-08,0.0
,-3.0461740002987996e-16,1.7453292144864463e-08,1.0,0.0

,1.0,-1.7453292144864463e-08,0.0,0.0
,1.7453292144864463e-08,1.0,0.0,0.0
,0.0,0.0,1.0,0.0

,1.0,-0.0,0.0,0.0
,0.0,1.0,5.235987998730707e-08,0.0
,-0.0,-5.235987998730707e-08,1.0,0.0

,1.0,-0.0,-3.4906584289728926e-08,0.0
,0.0,1.0,-0.0,0.0
,3.4906584289728926e-08,0.0,1.0,0.0

,1.0,3.4906584289728926e-08,-1.7453292144864463e-08,0.0
,-3.4906584289728926e-08,1.0,3.4906584289728926e-08,0.0
,1.7453293921221302e-08,-3.4906584289728926e-08,1.0,0.0

,1.0,5.235987998730707e-08,4.249902929900437e-24,0.0
,-5.235987998730707e-08,1.0,5.235987998730707e-08,0.0
,2.7415570237853933e-15,-5.235987998730707e-08,1.0,0.0

,1.0,-5.235987998730707e-08,-4.249902929900437e-24,0.0
,5.235987998730707e-08,1.0,5.235987998730707e-08,0.0
,-2.7415570237853933e-15,-5.235987998730707e-08,1.0,0.0

,1.0,-0.0,0.0,0.0
,0.0,1.0,3.4906584289728926e-08,0.0
,-0.0,-3.4906584289728926e-08,1.0,0.0

,1.0,8.199476393977456e-16,6.497861448906406e-08,0.0
,7.624492535810226e-15,1.0,-1.2995722897812811e-07,0.0
,-6.497861448906406e-08,1.2995722897812811e-07,1.0,0.0

,1.0,0.0,0.0,0.0
,0.0,1.0,0.0,0.0
,0.0,0.0,1.0,0.0

,1.0,1.7453292144864463e-08,-1.7453292144864463e-08,0.0
,-1.7453292144864463e-08,1.0,1.7453292144864463e-08,0.0
,1.7453292144864463e-08,-1.7453292144864463e-08,1.0,0.0

,1.0,-1.0829767660425205e-07,2.1659534610307674e-08,0.0
,1.0829766949882469e-07,1.0,4.3319072773329026e-08,0.0
,-2.1659539939378192e-08,-4.331906922061535e-08,1.0,0.0

,1.0,0.0,0.0,0.0
,0.0,1.0,0.0,0.0
,0.0,0.0,1.0,0.0

,1.0,2.665643040275942e-23,-3.4906584289728926e-08,0.0
,2.4369392002390397e-15,1.0,6.981316857945785e-08,0.0
,3.4906584289728926e-08,-6.981316857945785e-08,1.0,0.0

,1.0,-4.3319072773329026e-08,-2.1659536386664513e-08,0.0
,4.3319076326042705e-08,1.0,1.732762768824614e-07,0.0
,2.1659529281237155e-08,-1.732762910933161e-07,1.0,0.0

,1.0,-1.7453292144864463e-08,-1.7453292144864463e-08,0.0
,1.7453293921221302e-08,1.0,5.235987998730707e-08,0.0
,1.7453290368507623e-08,-5.235987998730707e-08,1.0,0.0

,1.0,-3.4906584289728926e-08,-6.664107600689855e-24,0.0
,3.4906584289728926e-08,1.0,1.7453292144864463e-08,0.0
,-6.092348000597599e-16,-1.7453292144864463e-08,1.0,0.0

,1.0,-4.3319072773329026e-08,-7.288423108382899e-16,0.0
,4.3319072773329026e-08,1.0,1.732762910933161e-07,0.0
,-6.777325333833786e-15,-1.732762910933161e-07,1.0,0.0

,1.0,-1.1940122930778333e-23,-1.7453292144864463e-08,0.0
,9.138523059687583e-16,1.0,5.235987998730707e-08,0.0
,1.7453292144864463e-08,-5.235987998730707e-08,1.0,0.0

,1.0,-1.7453292144864463e-08,1.7453292144864463e-08,0.0
,1.7453290368507623e-08,1.0,6.981316857945785e-08,0.0
,-1.7453293921221302e-08,-6.981316857945785e-08,1.0,0.0

,1.0,-4.3319072773329026e-08,2.1659534610307674e-08,0.0
,4.331906922061535e-08,1.0,1.0829767660425205e-07,0.0
,-2.1659539939378192e-08,-1.0829766949882469e-07,1.0,0.0

,1.0,-3.4906584289728926e-08,1.7453292144864463e-08,0.0
,3.4906584289728926e-08,1.0,-1.7453292144864463e-08,0.0
,-1.7453292144864463e-08,1.7453292144864463e-08,1.0,0.0

,1.0,-3.4906584289728926e-08,-1.332821520137971e-23,0.0
,3.4906584289728926e-08,1.0,3.4906584289728926e-08,0.0
,-1.2184696001195199e-15,-3.4906584289728926e-08,1.0,0.0

,1.0,-1.7453292144864463e-08,3.332053800344927e-24,0.0
,1.7453292144864463e-08,1.0,-1.7453292144864463e-08,0.0
,3.0461740002987996e-16,1.7453292144864463e-08,1.0,0.0

,1.0,5.235987998730707e-08,1.7453292144864463e-08,0.0
,-5.235987998730707e-08,1.0,-1.7453293921221302e-08,0.0
,-1.7453293921221302e-08,1.7453292144864463e-08,1.0,0.0

,1.0,0.0,0.0,0.0
,0.0,1.0,0.0,0.0
,0.0,0.0,1.0,0.0

,1.0,-3.4906584289728926e-08,-3.4906584289728926e-08,0.0
,3.4906584289728926e-08,1.0,-3.4906584289728926e-08,0.0
,3.4906584289728926e-08,3.4906584289728926e-08,1.0,0.0

,1.0,1.7453292144864463e-08,3.332053800344927e-24,0.0
,-1.7453292144864463e-08,1.0,1.7453292144864463e-08,0.0
,3.0461740002987996e-16,-1.7453292144864463e-08,1.0,0.0

,1.0,1.7453292144864463e-08,-1.1940122930778333e-23,0.0
,-1.7453292144864463e-08,1.0,5.235987998730707e-08,0.0
,9.138523059687583e-16,-5.235987998730707e-08,1.0,0.0

,1.0,1.7453292144864463e-08,-5.235987998730707e-08,0.0
,-1.7453290368507623e-08,1.0,3.4906584289728926e-08,0.0
,5.235987998730707e-08,-3.4906584289728926e-08,1.0,0.0

,1.0,1.332821520137971e-23,-3.4906584289728926e-08,0.0
,1.2184696001195199e-15,1.0,3.4906584289728926e-08,0.0
,3.4906584289728926e-08,-3.4906584289728926e-08,1.0,0.0

,1.0,1.7453292144864463e-08,1.332821520137971e-23,0.0
,-1.7453292144864463e-08,1.0,6.981316857945785e-08,0.0
,1.2184696001195199e-15,-6.981316857945785e-08,1.0,0.0

,1.0,-3.4906584289728926e-08,-1.7453292144864463e-08,0.0
,3.4906584289728926e-08,1.0,-1.7453292144864463e-08,0.0
,1.7453292144864463e-08,1.7453292144864463e-08,1.0,0.0

,1.0,-6.664107600689855e-24,-3.4906584289728926e-08,0.0
,-6.092348000597599e-16,1.0,-1.7453292144864463e-08,0.0
,3.4906584289728926e-08,1.7453292144864463e-08,1.0,0.0

,1.0,3.332053800344927e-24,-1.7453292144864463e-08,0.0
,3.0461740002987996e-16,1.0,1.7453292144864463e-08,0.0
,1.7453292144864463e-08,-1.7453292144864463e-08,1.0,0.0

,1.0,1.7453292144864463e-08,3.4906584289728926e-08,0.0
,-1.7453292144864463e-08,1.0,1.7453292144864463e-08,0.0
,-3.4906584289728926e-08,-1.7453292144864463e-08,1.0,0.0

,1.0,5.235987998730707e-08,0.0,0.0
,-5.235987998730707e-08,1.0,-0.0,0.0
,-0.0,0.0,1.0,0.0

,1.0,-5.235987998730707e-08,1.7453292144864463e-08,0.0
,5.235987998730707e-08,1.0,9.138523059687583e-16,0.0
,-1.7453292144864463e-08,-1.1940122930778333e-23,1.0,0.0

,1.0,0.0,0.0,0.0
,0.0,1.0,-1.7453292144864463e-08,0.0
,0.0,1.7453292144864463e-08,1.0,0.0

,1.0,-3.4906584289728926e-08,-1.7453292144864463e-08,0.0
,3.4906584289728926e-08,1.0,1.7453292144864463e-08,0.0
,1.7453292144864463e-08,-1.7453292144864463e-08,1.0,0.0

,1.0,1.7453292144864463e-08,-6.664107600689855e-24,0.0
,-1.7453292144864463e-08,1.0,-3.4906584289728926e-08,0.0
,-6.092348000597599e-16,3.4906584289728926e-08,1.0,0.0

,1.0,-3.4906584289728926e-08,-1.7453292144864463e-08,0.0
,3.4906584289728926e-08,1.0,6.981316857945785e-08,0.0
,1.7453290368507623e-08,-6.981316857945785e-08,1.0,0.0

,1.0,-1.332821520137971e-23,1.7453292144864463e-08,0.0
,-1.2184696001195199e-15,1.0,6.981316857945785e-08,0.0
,-1.7453292144864463e-08,-6.981316857945785e-08,1.0,0.0

,1.0,6.664107600689855e-24,1.7453292144864463e-08,0.0
,6.092348000597599e-16,1.0,-3.4906584289728926e-08,0.0
,-1.7453292144864463e-08,3.4906584289728926e-08,1.0,0.0

,1.0,3.4906584289728926e-08,1.7453292144864463e-08,0.0
,-3.4906584289728926e-08,1.0,-3.4906584289728926e-08,0.0
,-1.7453293921221302e-08,3.4906584289728926e-08,1.0,0.0

,1.0,1.7453292144864463e-08,-1.7453292144864463e-08,0.0
,-1.7453293921221302e-08,1.0,-5.235987998730707e-08,0.0
,1.7453290368507623e-08,5.235987998730707e-08,1.0,0.0

,1.0,-1.332821520137971e-23,1.7453292144864463e-08,0.0
,-1.2184696001195199e-15,1.0,6.981316857945785e-08,0.0
,-1.7453292144864463e-08,-6.981316857945785e-08,1.0,0.0

,1.0,-1.2995722897812811e-07,2.1659532833950834e-08,0.0
,1.299572147672734e-07,1.0,1.2995722897812811e-07,0.0
,-2.1659550597519228e-08,-1.299572147672734e-07,1.0,0.0

,1.0,1.732762768824614e-07,4.3319076326042705e-08,0.0
,-1.732762910933161e-07,1.0,1.732762768824614e-07,0.0
,-4.3319044351619596e-08,-1.732762910933161e-07,1.0,0.0

,1.0,-0.0,0.0,0.0
,0.0,1.0,3.4906584289728926e-08,0.0
,-0.0,-3.4906584289728926e-08,1.0,0.0

,0.9952040910720825,0.09782037883996964,7.755199931125389e-07,0.0
,-0.09782037883996964,0.9952040910720825,1.3019024436289328e-06,0.0
,-6.444480504796957e-07,-1.3715202840103302e-06,1.0,0.0

,0.9952040910720825,-0.09782032668590546,-8.874534955793933e-07,0.0
,0.09782032668590546,0.9952040910720825,1.149373588305025e-06,0.0
,7.707652116550889e-07,-1.2306722965149675e-06,1.0,0.0

,1.0,0.0,0.0,0.0
,0.0,1.0,0.0,0.0
,0.0,0.0,1.0,0.0

,1.0,0.0,0.0,0.0
,0.0,1.0,-3.4906584289728926e-08,0.0
,0.0,3.4906584289728926e-08,1.0,0.0

,1.0,-3.332053800344927e-24,-1.7453292144864463e-08,0.0
,-3.0461740002987996e-16,1.0,-1.7453292144864463e-08,0.0
,1.7453292144864463e-08,1.7453292144864463e-08,1.0,0.0

,1.0,-1.1940122930778333e-23,5.235987998730707e-08,0.0
,9.138523059687583e-16,1.0,-1.7453292144864463e-08,0.0
,-5.235987998730707e-08,1.7453292144864463e-08,1.0,0.0

,1.0,3.4906584289728926e-08,3.4906584289728926e-08,0.0
,-3.490658073701525e-08,1.0,-5.235987998730707e-08,0.0
,-3.4906587842442605e-08,5.235987998730707e-08,1.0,0.0

,1.0,-3.4906584289728926e-08,-3.4906584289728926e-08,0.0
,3.4906584289728926e-08,1.0,-1.7453293921221302e-08,0.0
,3.4906584289728926e-08,1.7453292144864463e-08,1.0,0.0

,0.9849390387535095,-0.17290183901786804,-4.151740085944766e-06,0.0
,0.17154666781425476,0.9772163033485413,0.12498007714748383,0.0
,-0.021605227142572403,-0.1230984777212143,0.9921592473983765,0.0

,0.9849390387535095,0.17290183901786804,4.046744834340643e-06,0.0
,-0.17154666781425476,0.9772163033485413,0.12498008459806442,0.0
,0.02160533331334591,-0.1230984628200531,0.9921592473983765,0.0

,1.0,-2.1478022915744077e-07,-1.5252432206125377e-07,0.0
,2.147802433682955e-07,1.0,8.754570757218971e-08,0.0
,1.5252430785039905e-07,-8.75457430993265e-08,1.0,0.0

,1.0,4.331906922061535e-08,1.0829767660425205e-07,0.0
,-4.331909053689742e-08,1.0,1.9493583636176481e-07,0.0
,-1.0829766239339733e-07,-1.9493583636176481e-07,1.0,0.0

,1.0,-0.0,0.0,0.0
,0.0,1.0,3.248930511290382e-07,0.0
,-0.0,-3.248930511290382e-07,1.0,0.0

,1.0,-0.0,0.0,0.0
,0.0,1.0,1.0829767660425205e-07,0.0
,-0.0,-1.0829767660425205e-07,1.0,0.0

,0.9999432563781738,0.009701624512672424,-0.004396554082632065,0.0
,-0.009367240592837334,0.9974623322486877,0.07057717442512512,0.0
,0.005070110317319632,-0.07053198665380478,0.9974966049194336,0.0

,0.9999432563781738,-0.009701580740511417,0.004396546166390181,0.0
,0.009367197751998901,0.9974623322486877,0.07057710736989975,0.0
,-0.005070098675787449,-0.07053192704916,0.9974966645240784,0.0

,0.9938158988952637,0.11104054003953934,-3.0472756407107227e-06,0.0
,-0.11104054003953934,0.9938158988952637,2.593792032712372e-06,0.0
,3.316446964163333e-06,-2.2393805920728482e-06,1.0,0.0

,0.9938158988952637,-0.11104060709476471,2.999870503117563e-06,0.0
,0.11104060709476471,0.9938158988952637,2.6715410967881326e-06,0.0
,-3.277968517068075e-06,-2.321912461411557e-06,1.0,0.0

,1.0,1.7453292144864463e-08,-3.4906584289728926e-08,0.0
,-1.1310454794966063e-08,0.985649585723877,0.1688041388988495,0.0
,3.7351849613287413e-08,-0.1688041388988495,0.985649585723877,0.0

,1.0,-1.7453292144864463e-08,3.4906584289728926e-08,0.0
,1.7453292144864463e-08,1.0,6.092348000597599e-16,0.0
,-3.4906584289728926e-08,6.664107600689855e-24,1.0,0.0

,1.0,2.1659534610307674e-08,-8.663814554665805e-08,0.0
,-2.1659539939378192e-08,1.0,-6.49786073836367e-08,0.0
,8.66381384412307e-08,6.497861448906406e-08,1.0,0.0

,1.0,1.7453292144864463e-08,-1.0471975997461413e-07,0.0
,-1.74533028030055e-08,1.0,-1.0471975997461413e-07,0.0
,1.0471975997461413e-07,1.0471975997461413e-07,1.0,0.0

,1.0,-3.4906584289728926e-08,1.7453292144864463e-08,0.0
,3.4906584289728926e-08,1.0,-3.4906584289728926e-08,0.0
,-1.7453290368507623e-08,3.4906584289728926e-08,1.0,0.0

,0.9997105002403259,0.024059530347585678,1.3451202107717108e-07,0.0
,-0.024059530347585678,0.9997105002403259,6.581439748742923e-08,0.0
,-1.3288962463775533e-07,-6.903164262439532e-08,1.0,0.0

,0.9998225569725037,-0.01883627101778984,-2.0320270266438456e-07,0.0
,0.01883627101778984,0.9998225569725037,1.3057656644832605e-07,0.0
,2.0070707762442908e-07,-1.343809827858422e-07,1.0,0.0

,0.9154343605041504,-0.3788810968399048,-0.13575346767902374,0.0
,0.3924753963947296,0.9150843620300293,0.09264802187681198,0.0
,0.08912329375743866,-0.13809306919574738,0.9864012002944946,0.0

,0.9154343605041504,0.3788810670375824,0.13575352728366852,0.0
,-0.3924753665924072,0.9150843620300293,0.09264805167913437,0.0
,-0.08912333101034164,-0.13809312880039215,0.9864012002944946,0.0

,1.0,-1.9493583636176481e-07,-4.331906922061535e-08,0.0
,1.9493583636176481e-07,1.0,-8.663815265208541e-08,0.0
,4.331908698418374e-08,8.663814554665805e-08,1.0,0.0

,1.0,1.732762910933161e-07,2.5991445795625623e-07,0.0
,-1.732762910933161e-07,1.0,-4.066395454410156e-14,0.0
,-2.5991445795625623e-07,-4.373053229755029e-15,1.0,0.0

,1.0,0.0,0.0,0.0
,0.0,1.0,-3.4906584289728926e-08,0.0
,0.0,3.4906584289728926e-08,1.0,0.0

,1.0,1.2995722897812811e-07,2.1659534610307674e-08,0.0
,-1.299572147672734e-07,1.0,-1.0829767660425205e-07,0.0
,-2.165954882116239e-08,1.0829766949882469e-07,1.0,0.0

,1.0,-1.9493583636176481e-07,-2.1659532833950834e-08,0.0
,1.9493583636176481e-07,1.0,-1.516167600357221e-07,0.0
,2.1659563032017104e-08,1.516167458248674e-07,1.0,0.0

,1.0,0.0,0.0,0.0
,0.0,1.0,-3.552163889253279e-06,0.0
,0.0,3.552163889253279e-06,1.0,0.0

,0.9985519051551819,0.05379722639918327,7.871547040849691e-07,0.0
,-0.05379722639918327,0.9985519051551819,-8.995178291115735e-08,0.0
,-7.908539600975928e-07,4.747478143940498e-08,1.0,0.0

,0.9985519051551819,-0.05379728227853775,-7.145487188608968e-07,0.0
,0.05379728227853775,0.9985519051551819,-7.340311469761218e-08,0.0
,7.17462853572215e-07,3.485603627950695e-08,1.0,0.0

,1.0,1.7453292144864463e-08,5.235987998730707e-08,0.0
,-1.7453292144864463e-08,1.0,-9.138523059687583e-16,0.0
,-5.235987998730707e-08,1.1940122930778333e-23,1.0,0.0

,1.0,-4.815363752186386e-08,-5.1731561256929126e-08,0.0
,4.815363752186386e-08,1.0,4.2690750490237406e-08,0.0
,5.173155770421545e-08,-4.2690754042951085e-08,1.0,0.0

,1.0,-4.55526325159923e-16,4.3319072773329026e-08,0.0
,-2.7237077102461402e-15,1.0,7.339109941995048e-08,0.0
,-4.3319072773329026e-08,-7.339109941995048e-08,1.0,0.0

,1.0,-3.4906584289728926e-08,1.332821520137971e-23,0.0
,3.4906584289728926e-08,1.0,-3.4906584289728926e-08,0.0
,1.2184696001195199e-15,3.4906584289728926e-08,1.0,0.0

,1.0,-3.5407730081260524e-08,-1.7107049998799084e-08,0.0
,3.434557882542322e-08,0.9982851147651672,-0.058539073914289474,0.0
,1.9150448338223214e-08,0.058539073914289474,0.9982851147651672,0.0

,1.0,-1.7453292144864463e-08,-3.4906584289728926e-08,0.0
,1.7453293921221302e-08,1.0,3.4906584289728926e-08,0.0
,3.4906584289728926e-08,-3.4906584289728926e-08,1.0,0.0

,1.0,1.7453292144864463e-08,-1.7453292144864463e-08,0.0
,-1.7453293921221302e-08,1.0,-6.981316857945785e-08,0.0
,1.7453290368507623e-08,6.981316857945785e-08,1.0,0.0

,1.0,-1.1741504657436508e-08,-4.330359715254417e-08,0.0
,8.548759922177851e-09,0.9973315000534058,-0.07300577312707901,0.0
,4.404524034384849e-08,0.07300577312707901,0.9973315000534058,0.0

,1.0,-2.7331582685968933e-16,-2.1659536386664513e-08,0.0
,-2.5414971590063474e-15,1.0,-1.2995722897812811e-07,0.0
,2.1659536386664513e-08,1.2995722897812811e-07,1.0,0.0

,0.9788800477981567,0.20443539321422577,-1.7233631410817907e-07,0.0
,-0.20443539321422577,0.9788800477981567,1.7373636751472077e-07,0.0
,2.0421444446583337e-07,-1.3483543170877965e-07,1.0,0.0

,0.9870380163192749,-0.1604865938425064,2.0281430579416337e-07,0.0
,0.1604865938425064,0.9870380163192749,1.7706388177884946e-07,0.0
,-2.2860180592942925e-07,-1.4221980393358535e-07,1.0,0.0

,0.8353263735771179,0.48127803206443787,0.2657090425491333,0.0
,-0.5424411296844482,0.8001248240470886,0.2560426592826843,0.0
,-0.08937270194292068,-0.3580107092857361,0.929430365562439,0.0

,0.8353264331817627,-0.4812778830528259,-0.2657091021537781,0.0
,0.5424410104751587,0.8001249432563782,0.2560427188873291,0.0
,0.08937276899814606,-0.35801076889038086,0.929430365562439,0.0

,1.0,1.732762910933161e-07,-1.516167458248674e-07,0.0
,-1.7327626267160667e-07,1.0,1.5161677424657682e-07,0.0
,1.5161677424657682e-07,-1.516167458248674e-07,1.0,0.0

,1.0,1.326450238536836e-08,-4.3228864329044724e-15,0.0
,-1.326450238536836e-08,1.0,-5.654866797044633e-08,0.0
,3.572796406463427e-15,5.654866797044633e-08,1.0,0.0

,1.0,5.927139312689178e-08,-1.299572147672734e-07,0.0
,-5.927137181060971e-08,1.0,1.5161677424657682e-07,0.0
,1.2995722897812811e-07,-1.516167600357221e-07,1.0,0.0

,1.0,1.9493583636176481e-07,-1.9493583636176481e-07,0.0
,-1.949358221509101e-07,1.0,6.497864291077349e-08,0.0
,1.9493585057261953e-07,-6.49786073836367e-08,1.0,0.0

,1.0,2.815739605921408e-07,8.663814554665805e-08,0.0
,-2.815739605921408e-07,1.0,1.0829765528796997e-07,0.0
,-8.663811712494862e-08,-1.0829767660425205e-07,1.0,0.0

,1.0,-2.5991445795625623e-07,4.331906922061535e-08,0.0
,2.599144295345468e-07,1.0,4.3319079878756384e-08,0.0
,-4.3319079878756384e-08,-4.331906922061535e-08,1.0,0.0

,1.0,-8.66381384412307e-08,-1.2995722897812811e-07,0.0
,8.663814554665805e-08,1.0,2.1659525728523477e-08,0.0
,1.299572147672734e-07,-2.1659536386664513e-08,1.0,0.0

,1.0,-1.2995722897812811e-07,4.331906922061535e-08,0.0
,1.299572147672734e-07,1.0,2.382548984769528e-07,0.0
,-4.3319101195038456e-08,-2.382548984769528e-07,1.0,0.0

,1.0,-3.248930227073288e-07,-6.497861448906406e-08,0.0
,3.248930511290382e-07,1.0,8.663812423037598e-08,0.0
,6.497858606735463e-08,-8.663814554665805e-08,1.0,0.0

,1.0,-1.9493583636176481e-07,-1.2995722897812811e-07,0.0
,1.9493585057261953e-07,1.0,1.9493580794005538e-07,0.0
,1.2995718634556397e-07,-1.9493583636176481e-07,1.0,0.0

,1.0,0.0,0.0,0.0
,0.0,0.9376910924911499,-0.3474700450897217,0.0
,0.0,0.3474700450897217,0.9376910924911499,0.0

,0.9887074828147888,-0.14985845983028412,0.00010739707795437425,0.0
,0.14977338910102844,0.988121509552002,-0.034407228231430054,0.0
,0.0050500924699008465,0.034034766256809235,0.9994078874588013,0.0

,0.988707423210144,0.14985869824886322,-0.00010735360410762951,0.0
,-0.14977361261844635,0.9881214499473572,-0.03440725803375244,0.0
,-0.005050148349255323,0.034034792333841324,0.9994078874588013,0.0

,1.0,-0.0,0.0,0.0
,0.0,1.0,5.235987998730707e-08,0.0
,-0.0,-5.235987998730707e-08,1.0,0.0

,1.0,-1.332821520137971e-23,-1.7453292144864463e-08,0.0
,-1.2184696001195199e-15,1.0,-6.981316857945785e-08,0.0
,1.7453292144864463e-08,6.981316857945785e-08,1.0,0.0

,1.0,2.1659536386664513e-08,2.1659534610307674e-08,0.0
,-2.1659532833950834e-08,1.0,-1.0829767660425205e-07,0.0
,-2.1659538163021352e-08,1.0829767660425205e-07,1.0,0.0

,1.0,4.7525315238772237e-08,7.276278068957254e-08,0.0
,-4.7525315238772237e-08,1.0,4.206239356818742e-09,0.0
,-7.276278068957254e-08,-4.2062429095324205e-09,1.0,0.0

,1.0,4.20624379771084e-09,-1.5519468377078738e-07,0.0
,-4.206247794513729e-09,1.0,-2.6494097582485665e-08,0.0
,1.5519468377078738e-07,2.6494097582485665e-08,1.0,0.0

,1.0,4.331906922061535e-08,2.165953532085041e-07,0.0
,-4.3319108300465814e-08,1.0,1.949358221509101e-07,0.0
,-2.1659533899764938e-07,-1.9493583636176481e-07,1.0,0.0

,1.0,-1.0829767660425205e-07,-8.66381384412307e-08,0.0
,1.082976837096794e-07,1.0,6.497860027820934e-08,0.0
,8.663813133580334e-08,-6.497861448906406e-08,1.0,0.0

,1.0,-1.516167458248674e-07,1.9493583636176481e-07,0.0
,1.5161680266828625e-07,1.0,-2.8157393217043136e-07,0.0
,-1.9493579372920067e-07,2.815739605921408e-07,1.0,0.0

,1.0,-5.466316537193787e-16,-6.497861448906406e-08,0.0
,-5.082994318012695e-15,1.0,-8.663814554665805e-08,0.0
,6.497861448906406e-08,8.663814554665805e-08,1.0,0.0

,1.0,-2.165953532085041e-07,4.3319072773329026e-08,0.0
,2.165953532085041e-07,1.0,8.471656773171351e-15,0.0
,-4.3319072773329026e-08,9.11052650319846e-16,1.0,0.0

,1.0,4.3319072773329026e-08,-1.516167458248674e-07,0.0
,-4.331905145704695e-08,1.0,1.2995722897812811e-07,0.0
,1.516167600357221e-07,-1.2995722897812811e-07,1.0,0.0

,1.0,8.663814554665805e-08,1.2995722897812811e-07,0.0
,-8.663813133580334e-08,1.0,-8.663815265208541e-08,0.0
,-1.2995722897812811e-07,8.66381384412307e-08,1.0,0.0

,1.0,-4.3319079878756384e-08,-2.5991445795625623e-07,0.0
,4.331899461362809e-08,1.0,-3.248930511290382e-07,0.0
,2.5991445795625623e-07,3.248930227073288e-07,1.0,0.0

,1.0,-1.299572147672734e-07,4.3319072773329026e-08,0.0
,1.2995722897812811e-07,1.0,-2.382548984769528e-07,0.0
,-4.331904079890592e-08,2.382548984769528e-07,1.0,0.0

,1.0,6.497861448906406e-08,-1.2299212738081612e-15,0.0
,-6.497861448906406e-08,1.0,-1.9493583636176481e-07,0.0
,-1.1436737956682392e-14,1.9493583636176481e-07,1.0,0.0

,1.0,0.0,0.0,0.0
,0.0,1.0,-1.516167600357221e-07,0.0
,0.0,1.516167600357221e-07,1.0,0.0

,1.0,-0.0,-1.7453292144864463e-08,0.0
,0.0,1.0,-0.0,0.0
,1.7453292144864463e-08,0.0,1.0,0.0

,1.0,-0.0,-1.7453292144864463e-08,0.0
,0.0,1.0,-0.0,0.0
,1.7453292144864463e-08,0.0,1.0,0.0

,1.0,1.516167600357221e-07,2.1659533899764938e-07,0.0
,-1.5161673161401268e-07,1.0,-1.2995725739983754e-07,0.0
,-2.165953674193588e-07,1.299572147672734e-07,1.0,0.0

,1.0,3.670426096391566e-08,2.0155061974946875e-07,0.0
,-3.670431780733452e-08,1.0,2.7975883654107747e-07,0.0
,-2.0155060553861404e-07,-2.7975883654107747e-07,1.0,0.0

,1.0,3.032335200714442e-07,-2.1659536386664513e-08,0.0
,-3.032335200714442e-07,1.0,-4.331906566790167e-08,0.0
,2.1659523952166637e-08,4.3319072773329026e-08,1.0,0.0

,1.0,-2.1659534610307674e-08,-8.663814554665805e-08,0.0
,2.1659539939378192e-08,1.0,6.49786073836367e-08,0.0
,8.66381384412307e-08,-6.497861448906406e-08,1.0,0.0

,1.0,4.3319072773329026e-08,-6.497861448906406e-08,0.0
,-4.331906211518799e-08,1.0,1.9493583636176481e-07,0.0
,6.497862159449141e-08,-1.9493583636176481e-07,1.0,0.0

,1.0,2.1659531057593995e-08,1.732762910933161e-07,0.0
,-2.16595719138013e-08,1.0,2.382548984769528e-07,0.0
,-1.732762768824614e-07,-2.382548984769528e-07,1.0,0.0

,1.0,5.46631696071026e-15,-2.5991445795625623e-07,0.0
,5.0829942333094e-14,1.0,2.165953532085041e-07,0.0
,2.5991445795625623e-07,-2.165953532085041e-07,1.0,0.0

,1.0,-6.497861448906406e-08,2.1659533899764938e-07,0.0
,6.497860027820934e-08,1.0,4.331908343147006e-08,0.0
,-2.165953532085041e-07,-4.331906922061535e-08,1.0,0.0

,1.0,-4.331906922061535e-08,1.732762910933161e-07,0.0
,4.331909053689742e-08,1.0,-1.299572147672734e-07,0.0
,-1.732762768824614e-07,1.299572147672734e-07,1.0,0.0

,1.0,-6.49786073836367e-08,2.1659534610307674e-08,0.0
,6.49786073836367e-08,1.0,1.2995722897812811e-07,0.0
,-2.165954349209187e-08,-1.299572147672734e-07,1.0,0.0

,1.0,0.0,0.0,0.0
,0.0,1.0,-1.516167600357221e-07,0.0
,0.0,1.516167600357221e-07,1.0,0.0

,1.0,-2.1659532833950834e-08,-8.663814554665805e-08,0.0
,2.165954882116239e-08,1.0,1.732762768824614e-07,0.0
,8.66381384412307e-08,-1.732762910933161e-07,1.0,0.0

,1.0,5.235987998730707e-08,3.4906584289728926e-08,0.0
,-5.235987998730707e-08,1.0,3.490658073701525e-08,0.0
,-3.490658073701525e-08,-3.4906584289728926e-08,1.0,0.0

,1.0,-3.644210601279384e-15,-1.732762910933161e-07,0.0
,-3.3886627092685404e-14,1.0,-2.165953532085041e-07,0.0
,1.732762910933161e-07,2.165953532085041e-07,1.0,0.0

,1.0,-5.235987998730707e-08,-1.7453292144864463e-08,0.0
,5.235987998730707e-08,1.0,-5.235987998730707e-08,0.0
,1.7453295697578142e-08,5.235987998730707e-08,1.0,0.0

,1.0,8.663814554665805e-08,1.732762910933161e-07,0.0
,-8.663814554665805e-08,1.0,-1.3554650667667572e-14,0.0
,-1.732762910933161e-07,-1.4576846216765799e-15,1.0,0.0

,1.0,6.49786073836367e-08,8.66381384412307e-08,0.0
,-6.497861448906406e-08,1.0,8.66381384412307e-08,0.0
,-8.66381384412307e-08,-8.66381384412307e-08,1.0,0.0

,1.0,-8.663813133580334e-08,1.9493583636176481e-07,0.0
,8.663820239007691e-08,1.0,-3.465525537649228e-07,0.0
,-1.9493580794005538e-07,3.465525821866322e-07,1.0,0.0

,1.0,4.331906922061535e-08,-8.663814554665805e-08,0.0
,-4.331909053689742e-08,1.0,-2.382548984769528e-07,0.0
,8.663813133580334e-08,2.382548984769528e-07,1.0,0.0

,1.0,-1.2995722897812811e-07,-4.3319072773329026e-08,0.0
,1.2995722897812811e-07,1.0,1.299572147672734e-07,0.0
,4.331905500976063e-08,-1.299572147672734e-07,1.0,0.0

,1.0,1.0829766949882469e-07,-8.663814554665805e-08,0.0
,-1.0829767660425205e-07,1.0,-4.331906211518799e-08,0.0
,8.66381384412307e-08,4.3319072773329026e-08,1.0,0.0

]
export const boring01_mrg = [1.0,0.0,-0.0,0.0
,-0.0,0.177129864692688,-0.9841874837875366,0.5638999938964844
,0.0,0.9841874837875366,0.177129864692688,-0.7609000205993652
,0.0,0.0,0.0,1.0

,1.0,0.0,-0.0,0.0
,0.0,0.8859916925430298,0.463701069355011,0.7268500328063965
,0.0,-0.4637010395526886,0.8859917521476746,0.1445000022649765
,0.0,0.0,0.0,1.0

,-0.047671832144260406,0.9768557548522949,-0.2085191160440445,0.0
,-0.12991422414779663,-0.21304693818092346,-0.9683663249015808,0.7268500328063965
,-0.9903785586357117,-0.019074201583862305,0.13706378638744354,0.1445000022649765
,0.0,0.0,0.0,1.0

,-0.047671832144260406,-0.9768557548522949,0.2085191160440445,0.0
,0.12991422414779663,-0.21304693818092346,-0.9683663249015808,0.7268500328063965
,0.9903785586357117,-0.019074201583862305,0.13706378638744354,0.1445000022649765
,0.0,0.0,0.0,1.0

,1.0,0.0,0.0,0.0
,0.0,0.9408556222915649,-0.33880773186683655,1.1868500709533691
,-0.0,0.33880773186683655,0.9408556222915649,-0.09624999761581421
,0.0,0.0,0.0,1.0

,0.995708167552948,-0.02680589072406292,0.08858127892017365,1.1036499738693237
,-0.01483153086155653,-0.9909823536872864,-0.1331690549850464,0.48614996671676636
,0.0913522019982338,0.1312837302684784,-0.9871267676353455,0.1229500025510788
,0.0,0.0,0.0,1.0

,0.995708167552948,0.02680589072406292,-0.08858127892017365,-1.1036499738693237
,0.01483153086155653,-0.9909823536872864,-0.1331690549850464,0.48614996671676636
,-0.0913522019982338,0.1312837302684784,-0.9871267676353455,0.1229500025510788
,0.0,0.0,0.0,1.0

,1.0,0.0,0.0,0.0
,0.0,0.9929649829864502,-0.11840839684009552,1.8666499853134155
,-0.0,0.11840839684009552,0.9929649829864502,0.14855000376701355
,0.0,0.0,0.0,1.0

,0.9865421652793884,0.14615485072135925,0.07330285757780075,1.0819249153137207
,0.14769364893436432,-0.9889037013053894,-0.01600116491317749,-0.31700000166893005
,0.07015082240104675,0.026612192392349243,-0.9971813559532166,0.2293500006198883
,0.0,0.0,0.0,1.0

,0.9865421652793884,-0.14615485072135925,-0.07330285757780075,-1.0819249153137207
,-0.14769364893436432,-0.9889037013053894,-0.01600116491317749,-0.31700000166893005
,-0.07015082240104675,0.026612192392349243,-0.9971813559532166,0.2293500006198883
,0.0,0.0,0.0,1.0

,1.0,0.0,-0.0,0.0
,0.0,0.977482795715332,0.21101492643356323,2.7966501712799072
,0.0,-0.21101491153240204,0.9774828553199768,0.2594500184059143
,0.0,0.0,0.0,1.0

,0.984711229801178,0.16112078726291656,0.06621113419532776,1.581149935722351
,0.15427754819393158,-0.9831562638282776,0.09799077361822128,-3.694824695587158
,0.08088424801826477,-0.08627772331237793,-0.9929823279380798,0.3202499747276306
,0.0,0.0,0.0,1.0

,0.984711229801178,-0.16112078726291656,-0.06621113419532776,-1.581149935722351
,-0.15427754819393158,-0.9831562638282776,0.09799077361822128,-3.694824695587158
,-0.08088424801826477,-0.08627772331237793,-0.9929823279380798,0.3202499747276306
,0.0,0.0,0.0,1.0

,-0.9089540243148804,0.4168963134288788,0.0,0.0
,-0.12210999429225922,-0.2662349045276642,0.9561423063278198,4.328549385070801
,0.39861223101615906,0.8690893650054932,0.29290252923965454,-0.07124999910593033
,0.0,0.0,0.0,1.0

,-0.9089540243148804,-0.4168963134288788,0.0,0.0
,0.12210999429225922,-0.2662349045276642,0.9561423063278198,4.328549385070801
,-0.39861223101615906,0.8690893650054932,0.29290252923965454,-0.07124999910593033
,0.0,0.0,0.0,1.0

,1.0,0.0,0.0,0.0
,0.0,0.9960454702377319,-0.08884493261575699,4.328549385070801
,-0.0,0.08884493261575699,0.9960454702377319,-0.07124999910593033
,0.0,0.0,0.0,1.0

,0.984711229801178,0.16112078726291656,0.06621112674474716,1.8886749744415283
,0.15427754819393158,-0.9831562042236328,0.09799084067344666,-5.571338176727295
,0.08088424801826477,-0.0862777829170227,-0.9929823279380798,0.1555750072002411
,0.0,0.0,0.0,1.0

,0.984711229801178,-0.16112078726291656,-0.06621112674474716,-1.8886749744415283
,-0.15427754819393158,-0.9831562042236328,0.09799084067344666,-5.571338176727295
,-0.08088424801826477,-0.0862777829170227,-0.9929823279380798,0.1555750072002411
,0.0,0.0,0.0,1.0

,0.3202178478240967,0.923881471157074,0.2095317542552948,0.26554998755455017
,-0.9423642158508301,0.3332938849925995,-0.029409581795334816,5.191349983215332
,-0.09700662642717361,-0.18803775310516357,0.9773594737052917,0.6942500472068787
,0.0,0.0,0.0,1.0

,0.3202178478240967,-0.923881471157074,-0.2095317542552948,-0.26554998755455017
,0.9423642158508301,0.3332938849925995,-0.029409581795334816,5.191349983215332
,0.09700662642717361,-0.18803775310516357,0.9773594737052917,0.6942500472068787
,0.0,0.0,0.0,1.0

,1.0,6.070823133086378e-08,0.0,0.0
,-5.6068291343081e-08,0.9235698580741882,-0.38343027234077454,5.890249252319336
,-2.3277372918073524e-08,0.38343027234077454,0.9235698580741882,0.06804999709129333
,0.0,0.0,0.0,1.0

,0.984711229801178,0.00173666188493371,0.17418603599071503,2.196199893951416
,0.15427757799625397,-0.4730028212070465,-0.8674483895301819,-7.447849750518799
,0.08088403195142746,0.8810591697692871,-0.46603912115097046,-0.00910000130534172
,0.0,0.0,0.0,1.0

,0.984711229801178,-0.00173666188493371,-0.17418603599071503,-2.196199893951416
,-0.15427757799625397,-0.4730028212070465,-0.8674483895301819,-7.447849750518799
,-0.08088403195142746,0.8810591697692871,-0.46603912115097046,-0.00910000130534172
,0.0,0.0,0.0,1.0

,-0.5216073393821716,0.7352932691574097,0.432746559381485,1.1833500862121582
,-0.850985050201416,-0.4119666814804077,-0.3257420063018799,5.522449970245361
,-0.06123873591423035,-0.5381702780723572,0.8406084775924683,0.5074500441551208
,0.0,0.0,0.0,1.0

,-0.5216073393821716,-0.7352932691574097,-0.432746559381485,-1.1833500862121582
,0.850985050201416,-0.4119666814804077,-0.3257420063018799,5.522449970245361
,0.06123873591423035,-0.5381702780723572,0.8406084775924683,0.5074500441551208
,0.0,0.0,0.0,1.0

,1.0,-2.0089075292162306e-08,1.2399365978410515e-08,2.4835268064293814e-08
,2.2962591827990764e-08,0.9496430158615112,-0.31333374977111816,6.2680745124816895
,-5.480386366940593e-09,0.3133337199687958,0.949643075466156,0.22490835189819336
,0.0,0.0,0.0,1.0

,0.9831199049949646,0.0956978127360344,0.1559399962425232,1.8885000944137573
,0.15662318468093872,0.0003772758354898542,-0.9876583814620972,-8.004050254821777
,-0.09457558393478394,0.9954103827476501,-0.014617586508393288,1.3557500839233398
,0.0,0.0,0.0,1.0

,0.9850183129310608,0.07416976988315582,0.15568475425243378,2.13397479057312
,0.1560979038476944,0.00022963783703744411,-0.9877415299415588,-8.00314998626709
,-0.07329631596803665,0.9972456097602844,-0.01135154440999031,1.3844499588012695
,0.0,0.0,0.0,1.0

,0.9873743653297424,0.031803980469703674,0.15517866611480713,2.3085999488830566
,0.1552572250366211,0.0,-0.9878740310668945,-8.002500534057617
,-0.031418327242136,0.999494194984436,-0.004937796853482723,1.353049874305725
,0.0,0.0,0.0,1.0

,0.9876829981803894,0.021051382645964622,0.15504561364650726,2.462050199508667
,0.15507997572422028,0.0,-0.9879019260406494,-8.001949310302734
,-0.020796701312065125,0.9997783899307251,-0.0032646481413394213,1.271649956703186
,0.0,0.0,0.0,1.0

,0.9879434704780579,0.0017038604710251093,0.15480585396289825,2.6076500415802
,0.15480607748031616,0.0,-0.9879449009895325,-8.0014009475708
,-0.0016833202680572867,0.9999985694885254,-0.00026376795722171664,1.2307500839233398
,0.0,0.0,0.0,1.0

,0.9831199049949646,-0.0956978127360344,-0.1559399962425232,-1.8885000944137573
,-0.15662318468093872,0.0003772758354898542,-0.9876583814620972,-8.004050254821777
,0.09457558393478394,0.9954103827476501,-0.014617586508393288,1.3557500839233398
,0.0,0.0,0.0,1.0

,0.9850183129310608,-0.07416976988315582,-0.15568475425243378,-2.13397479057312
,-0.1560979038476944,0.00022963783703744411,-0.9877415299415588,-8.00314998626709
,0.07329631596803665,0.9972456097602844,-0.01135154440999031,1.3844499588012695
,0.0,0.0,0.0,1.0

,0.9873743653297424,-0.031803980469703674,-0.15517866611480713,-2.3085999488830566
,-0.1552572250366211,0.0,-0.9878740310668945,-8.002500534057617
,0.031418327242136,0.999494194984436,-0.004937796853482723,1.353049874305725
,0.0,0.0,0.0,1.0

,0.9876829981803894,-0.021051382645964622,-0.15504561364650726,-2.462050199508667
,-0.15507997572422028,0.0,-0.9879019260406494,-8.001949310302734
,0.020796701312065125,0.9997783899307251,-0.0032646481413394213,1.271649956703186
,0.0,0.0,0.0,1.0

,0.9879434704780579,-0.0017038604710251093,-0.15480585396289825,-2.6076500415802
,-0.15480607748031616,0.0,-0.9879449009895325,-8.0014009475708
,0.0016833202680572867,0.9999985694885254,-0.00026376795722171664,1.2307500839233398
,0.0,0.0,0.0,1.0

,-0.7717529535293579,0.6215375661849976,0.13449347019195557,1.677125096321106
,-0.619384765625,-0.7825981378555298,0.0624723918735981,5.245800018310547
,0.14408327639102936,-0.035089947283267975,0.9889432191848755,0.14605000615119934
,0.0,0.0,0.0,1.0

,-0.7717529535293579,-0.6215375661849976,-0.13449347019195557,-1.677125096321106
,0.619384765625,-0.7825981378555298,0.0624723918735981,5.245800018310547
,-0.14408327639102936,-0.035089947283267975,0.9889432191848755,0.14605000615119934
,0.0,0.0,0.0,1.0

,1.0,-4.3690871365242856e-08,-4.0100271547771627e-08,1.7384687467369986e-08
,5.7121560814721306e-08,0.8913609385490417,0.4532942473888397,6.620275497436523
,1.5938995900910413e-08,-0.45329421758651733,0.8913609981536865,0.34111669659614563
,0.0,0.0,0.0,1.0

,0.9776643514633179,0.14030170440673828,0.15648598968982697,1.9139000177383423
,0.15797944366931915,0.0004989762092009187,-0.9874422550201416,-8.003950119018555
,-0.13861791789531708,0.9901086688041687,-0.02167695388197899,1.6199499368667603
,0.0,0.0,0.0,1.0

,0.9875780940055847,0.025189891457557678,0.1550968587398529,2.1503000259399414
,0.15514610707759857,0.0,-0.9878915548324585,-8.00309944152832
,-0.02488488331437111,0.9996826648712158,-0.003908113110810518,1.603950023651123
,0.0,0.0,0.0,1.0

,0.9877315759658813,-0.022702353075146675,0.1545024812221527,2.315049886703491
,0.15454231202602386,0.0,-0.9879862070083618,-8.002500534057617
,0.022429611533880234,0.9997422695159912,0.0035084739793092012,1.5557501316070557
,0.0,0.0,0.0,1.0

,0.9842542409896851,-0.08724818378686905,0.1537250429391861,2.4653749465942383
,0.15427757799625397,-0.00041506491834297776,-0.9880274534225464,-8.001949310302734
,0.08626740425825119,0.9961865544319153,0.013051907531917095,1.4295498132705688
,0.0,0.0,0.0,1.0

,0.9762496948242188,-0.15347641706466675,0.15291030704975128,2.6078500747680664
,0.1546088606119156,-0.000878198363352567,-0.9879753589630127,-8.0014009475708
,0.15176522731781006,0.9881519079208374,0.02287147007882595,1.3481498956680298
,0.0,0.0,0.0,1.0

,0.9776643514633179,-0.14030170440673828,-0.15648598968982697,-1.9139000177383423
,-0.15797944366931915,0.0004989762092009187,-0.9874422550201416,-8.003950119018555
,0.13861791789531708,0.9901086688041687,-0.02167695388197899,1.6199499368667603
,0.0,0.0,0.0,1.0

,0.9875780940055847,-0.025189891457557678,-0.1550968587398529,-2.1503000259399414
,-0.15514610707759857,0.0,-0.9878915548324585,-8.00309944152832
,0.02488488331437111,0.9996826648712158,-0.003908113110810518,1.603950023651123
,0.0,0.0,0.0,1.0

,0.9877315759658813,0.022702353075146675,-0.1545024812221527,-2.315049886703491
,-0.15454231202602386,0.0,-0.9879862070083618,-8.002500534057617
,-0.022429611533880234,0.9997422695159912,0.0035084739793092012,1.5557501316070557
,0.0,0.0,0.0,1.0

,0.9842542409896851,0.08724818378686905,-0.1537250429391861,-2.4653749465942383
,-0.15427757799625397,-0.00041506491834297776,-0.9880274534225464,-8.001949310302734
,-0.08626740425825119,0.9961865544319153,0.013051907531917095,1.4295498132705688
,0.0,0.0,0.0,1.0

,0.9762496948242188,0.15347641706466675,-0.15291030704975128,-2.6078500747680664
,-0.1546088606119156,-0.000878198363352567,-0.9879753589630127,-8.0014009475708
,-0.15176522731781006,0.9881519079208374,0.02287147007882595,1.3481498956680298
,0.0,0.0,0.0,1.0

,-0.757612407207489,0.6439220309257507,0.10671378672122955,2.059387445449829
,-0.6367889642715454,-0.7650775909423828,0.09568754583597183,4.764481067657471
,0.143259659409523,0.004539910703897476,0.9896747469902039,0.12446874380111694
,0.0,0.0,0.0,1.0

,-0.757612407207489,-0.6439220309257507,-0.10671378672122955,-2.059387445449829
,0.6367889642715454,-0.7650775909423828,0.09568754583597183,4.764481067657471
,-0.143259659409523,0.004539910703897476,0.9896747469902039,0.12446874380111694
,0.0,0.0,0.0,1.0

,1.0,0.0,-0.0,0.0
,0.0,0.9985029697418213,0.0546962134540081,6.974949836730957
,0.0,-0.054696209728717804,0.9985030293464661,0.16075000166893005
,0.0,0.0,0.0,1.0

,0.9861512780189514,0.057728949934244156,0.15547700226306915,2.1538000106811523
,0.15572045743465424,0.0002848580479621887,-0.9878011345863342,-8.00309944152832
,-0.05706901475787163,0.9983322620391846,-0.00870866421610117,1.7428499460220337
,0.0,0.0,0.0,1.0

,0.9878612160682678,0.011332765221595764,0.15492525696754456,2.3121750354766846
,0.15493521094322205,0.0,-0.9879246354103088,-8.002500534057617
,-0.011195918545126915,0.9999357461929321,-0.0017558443360030651,1.6823498010635376
,0.0,0.0,0.0,1.0

,0.985744059085846,0.06414937227964401,0.15554293990135193,2.454549789428711
,0.15583492815494537,0.00045722699724137783,-0.9877830147743225,-8.00200080871582
,-0.06343677639961243,0.9979402422904968,-0.009546003304421902,1.5531498193740845
,0.0,0.0,0.0,1.0

,0.9879263639450073,0.005305842962116003,0.15483318269252777,2.5948500633239746
,0.15483419597148895,0.0002192322863265872,-0.9879404306411743,-8.00147533416748
,-0.0052758012898266315,0.9999858736991882,-0.000604940636549145,1.4318499565124512
,0.0,0.0,0.0,1.0

,0.9861512780189514,-0.057728949934244156,-0.15547700226306915,-2.1538000106811523
,-0.15572045743465424,0.0002848580479621887,-0.9878011345863342,-8.00309944152832
,0.05706901475787163,0.9983322620391846,-0.00870866421610117,1.7428499460220337
,0.0,0.0,0.0,1.0

,0.9878612160682678,-0.011332765221595764,-0.15492525696754456,-2.3121750354766846
,-0.15493521094322205,0.0,-0.9879246354103088,-8.002500534057617
,0.011195918545126915,0.9999357461929321,-0.0017558443360030651,1.6823498010635376
,0.0,0.0,0.0,1.0

,0.985744059085846,-0.06414937227964401,-0.15554293990135193,-2.454549789428711
,-0.15583492815494537,0.00045722699724137783,-0.9877830147743225,-8.00200080871582
,0.06343677639961243,0.9979402422904968,-0.009546003304421902,1.5531498193740845
,0.0,0.0,0.0,1.0

,0.9879263639450073,-0.005305842962116003,-0.15483318269252777,-2.5948500633239746
,-0.15483419597148895,0.0002192322863265872,-0.9879404306411743,-8.00147533416748
,0.0052758012898266315,0.9999858736991882,-0.000604940636549145,1.4318499565124512
