export const laugh01_IN = [
 1.0,0.0,0.0,0.0
,0.0,1.0,0.0,0.0
,0.0,0.0,1.0,0.0

,1.0,0.0,0.0,0.0
,0.0,1.0,0.0,0.0
,0.0,0.0,1.0,0.0

,1.0,0.0,0.0,0.0
,0.0,1.0,0.0,0.0
,0.0,0.0,1.0,0.0

,1.0,0.0,0.0,0.0
,0.0,1.0,0.0,0.0
,0.0,0.0,1.0,0.0

,1.0,0.0,0.0,0.0
,0.0,1.0,-3.582986494166107e-07,0.0
,0.0,3.582986494166107e-07,1.0,0.0

,1.0,3.981095630933851e-08,-3.9810963414765865e-08,0.0
,-3.9810966967479544e-08,1.0,-2.786767367979337e-07,0.0
,3.981095275662483e-08,2.786767367979337e-07,1.0,0.0

,1.0,0.0,0.0,0.0
,0.0,1.0,0.0,0.0
,0.0,0.0,1.0,0.0

,1.0,0.0,0.0,0.0
,0.0,1.0,0.0,0.0
,0.0,0.0,1.0,0.0

,1.0,0.0,0.0,0.0
,0.0,1.0,0.0,0.0
,0.0,0.0,1.0,0.0

,1.0,0.0,0.0,0.0
,0.0,1.0,0.0,0.0
,0.0,0.0,1.0,0.0

,1.0,0.0,0.0,0.0
,0.0,1.0,0.0,0.0
,0.0,0.0,1.0,0.0

,1.0,0.0,0.0,0.0
,0.0,1.0,0.0,0.0
,0.0,0.0,1.0,0.0

,1.0,0.0,0.0,0.0
,0.0,1.0,0.0,0.0
,0.0,0.0,1.0,0.0

,1.0,0.0,0.0,0.0
,0.0,1.0,0.0,0.0
,0.0,0.0,1.0,0.0

,1.0,0.0,0.0,0.0
,0.0,1.0,0.0,0.0
,0.0,0.0,1.0,0.0

,1.0,0.0,0.0,0.0
,0.0,1.0,0.0,0.0
,0.0,0.0,1.0,0.0

,1.0,0.0,0.0,0.0
,0.0,1.0,0.0,0.0
,0.0,0.0,1.0,0.0

,1.0,0.0,0.0,0.0
,0.0,1.0,0.0,0.0
,0.0,0.0,1.0,0.0

,1.0,0.0,0.0,0.0
,0.0,1.0,0.0,0.0
,0.0,0.0,1.0,0.0

,1.0,0.0,0.0,0.0
,0.0,1.0,0.0,0.0
,0.0,0.0,1.0,0.0

,1.0,0.0,0.0,0.0
,0.0,1.0,0.0,0.0
,0.0,0.0,1.0,0.0

,1.0,8.010722619099242e-15,1.1943288313887024e-07,0.0
,2.051770618639523e-14,1.0,-2.388657662777405e-07,0.0
,-1.1943288313887024e-07,2.388657662777405e-07,1.0,0.0

,1.0,0.0,0.0,0.0
,0.0,1.0,0.0,0.0
,0.0,0.0,1.0,0.0

,1.0,0.0,0.0,0.0
,0.0,1.0,0.0,0.0
,0.0,0.0,1.0,0.0

,1.0,-1.9905479575754725e-07,3.981095630933851e-08,0.0
,1.9905478154669254e-07,1.0,7.962191972410437e-08,0.0
,-3.981097052019322e-08,-7.962191261867702e-08,1.0,0.0

,1.0,0.0,0.0,0.0
,0.0,1.0,0.0,0.0
,0.0,0.0,1.0,0.0

,1.0,0.0,0.0,0.0
,0.0,1.0,0.0,0.0
,0.0,0.0,1.0,0.0

,1.0,-7.962191972410437e-08,-3.9810966967479544e-08,0.0
,7.962192682953173e-08,1.0,3.184876788964175e-07,0.0
,3.981094209848379e-08,-3.184876788964175e-07,1.0,0.0

,1.0,0.0,0.0,0.0
,0.0,1.0,0.0,0.0
,0.0,0.0,1.0,0.0

,1.0,0.0,0.0,0.0
,0.0,1.0,0.0,0.0
,0.0,0.0,1.0,0.0

,1.0,-7.962191972410437e-08,-7.120641763399584e-15,0.0
,7.962191972410437e-08,1.0,3.184876788964175e-07,0.0
,-1.8237957666441748e-14,-3.184876788964175e-07,1.0,0.0

,1.0,0.0,0.0,0.0
,0.0,1.0,0.0,0.0
,0.0,0.0,1.0,0.0

,1.0,0.0,0.0,0.0
,0.0,1.0,0.0,0.0
,0.0,0.0,1.0,0.0

,1.0,-7.962191972410437e-08,3.981095630933851e-08,0.0
,7.962191261867702e-08,1.0,1.9905479575754725e-07,0.0
,-3.981097052019322e-08,-1.9905478154669254e-07,1.0,0.0

,1.0,0.0,0.0,0.0
,0.0,1.0,0.0,0.0
,0.0,0.0,1.0,0.0

,1.0,0.0,0.0,0.0
,0.0,1.0,0.0,0.0
,0.0,0.0,1.0,0.0

,1.0,0.0,0.0,0.0
,0.0,1.0,0.0,0.0
,0.0,0.0,1.0,0.0

,1.0,0.0,0.0,0.0
,0.0,1.0,0.0,0.0
,0.0,0.0,1.0,0.0

,1.0,0.0,0.0,0.0
,0.0,1.0,0.0,0.0
,0.0,0.0,1.0,0.0

,1.0,0.0,0.0,0.0
,0.0,1.0,0.0,0.0
,0.0,0.0,1.0,0.0

,1.0,0.0,0.0,0.0
,0.0,1.0,0.0,0.0
,0.0,0.0,1.0,0.0

,1.0,0.0,0.0,0.0
,0.0,1.0,0.0,0.0
,0.0,0.0,1.0,0.0

,1.0,0.0,0.0,0.0
,0.0,1.0,0.0,0.0
,0.0,0.0,1.0,0.0

,1.0,0.0,0.0,0.0
,0.0,1.0,0.0,0.0
,0.0,0.0,1.0,0.0

,1.0,0.0,0.0,0.0
,0.0,1.0,0.0,0.0
,0.0,0.0,1.0,0.0

,1.0,0.0,0.0,0.0
,0.0,1.0,0.0,0.0
,0.0,0.0,1.0,0.0

,1.0,0.0,0.0,0.0
,0.0,1.0,0.0,0.0
,0.0,0.0,1.0,0.0

,1.0,0.0,0.0,0.0
,0.0,1.0,0.0,0.0
,0.0,0.0,1.0,0.0

,1.0,0.0,0.0,0.0
,0.0,1.0,0.0,0.0
,0.0,0.0,1.0,0.0

,1.0,0.0,0.0,0.0
,0.0,1.0,0.0,0.0
,0.0,0.0,1.0,0.0

,1.0,0.0,0.0,0.0
,0.0,1.0,0.0,0.0
,0.0,0.0,1.0,0.0

,1.0,0.0,0.0,0.0
,0.0,1.0,0.0,0.0
,0.0,0.0,1.0,0.0

,1.0,0.0,0.0,0.0
,0.0,1.0,0.0,0.0
,0.0,0.0,1.0,0.0

,1.0,0.0,0.0,0.0
,0.0,1.0,0.0,0.0
,0.0,0.0,1.0,0.0

,1.0,0.0,0.0,0.0
,0.0,1.0,0.0,0.0
,0.0,0.0,1.0,0.0

,1.0,0.0,0.0,0.0
,0.0,1.0,0.0,0.0
,0.0,0.0,1.0,0.0

,1.0,0.0,0.0,0.0
,0.0,1.0,0.0,0.0
,0.0,0.0,1.0,0.0

,1.0,0.0,0.0,0.0
,0.0,1.0,0.0,0.0
,0.0,0.0,1.0,0.0

,1.0,0.0,0.0,0.0
,0.0,1.0,0.0,0.0
,0.0,0.0,1.0,0.0

,1.0,0.0,0.0,0.0
,0.0,1.0,0.0,0.0
,0.0,0.0,1.0,0.0

,1.0,-2.388657662777405e-07,3.981094209848379e-08,0.0
,2.388657662777405e-07,1.0,2.388657662777405e-07,0.0
,-3.9810998941902653e-08,-2.388657662777405e-07,1.0,0.0

,1.0,3.1848765047470806e-07,7.96219481458138e-08,0.0
,-3.184876788964175e-07,1.0,3.1848765047470806e-07,0.0
,-7.96218486698308e-08,-3.184876788964175e-07,1.0,0.0

,1.0,0.0,0.0,0.0
,0.0,0.9691392183303833,-0.2465139776468277,0.0
,0.0,0.2465139776468277,0.9691392183303833,0.0

,0.9484130144119263,-0.3158615231513977,0.027280323207378387,0.0
,0.3166610300540924,0.9395818114280701,-0.13004527986049652,0.0
,0.015444205142557621,0.13197524845600128,0.9911326766014099,0.0

,0.9490755796432495,0.3138919472694397,-0.026970412582159042,0.0
,-0.3146812617778778,0.9403569102287292,-0.1292460709810257,0.0
,-0.015207488089799881,0.13115136325359344,0.991245687007904,0.0

,1.0,-0.0,0.0,0.0
,0.0,0.9999082684516907,0.013545386493206024,0.0
,-0.0,-0.013545386493206024,0.9999082684516907,0.0

,1.0,0.0,0.0,0.0
,0.0,1.0,0.0,0.0
,0.0,0.0,1.0,0.0

,1.0,0.0,0.0,0.0
,0.0,1.0,0.0,0.0
,0.0,0.0,1.0,0.0

,1.0,0.0,0.0,0.0
,0.0,1.0,0.0,0.0
,0.0,0.0,1.0,0.0

,1.0,0.0,0.0,0.0
,0.0,1.0,0.0,0.0
,0.0,0.0,1.0,0.0

,1.0,0.0,0.0,0.0
,0.0,1.0,0.0,0.0
,0.0,0.0,1.0,0.0

,0.9999459981918335,0.005947847850620747,-0.008522416464984417,0.0
,-0.0049636936746537685,0.993788480758667,0.11117471009492874,0.0
,0.009130730293691158,-0.11112640798091888,0.993764340877533,0.0

,0.9999492764472961,-0.005751794204115868,0.008271475322544575,0.0
,0.004826944787055254,0.9941627979278564,0.10778244584798813,0.0
,-0.008843135088682175,-0.10773704946041107,0.994140088558197,0.0

,1.0,-3.7353538573370315e-07,-2.9096389653204824e-07,0.0
,3.735354141554126e-07,1.0,1.7153088549548556e-07,0.0
,2.9096381126691995e-07,-1.7153099918232328e-07,1.0,0.0

,1.0,7.96218984078223e-08,1.9905479575754725e-07,0.0
,-7.962196946209588e-08,1.0,3.582986494166107e-07,0.0
,-1.9905476733583782e-07,-3.5829867783832015e-07,1.0,0.0

,1.0,-0.0,0.0,0.0
,0.0,0.9961047172546387,0.08817797154188156,0.0
,-0.0,-0.08817797154188156,0.9961047172546387,0.0

,1.0,0.0,0.0,0.0
,0.0,0.9998092651367188,-0.019530534744262695,0.0
,0.0,0.019530534744262695,0.9998092651367188,0.0

,0.9983323216438293,0.05578065663576126,-0.01486810389906168,0.0
,-0.05767558887600899,0.9747645258903503,-0.21565628051757812,0.0
,0.0024634520523250103,0.21615417301654816,0.9763561487197876,0.0

,0.9983769655227661,-0.05495905876159668,0.01493075955659151,0.0
,0.05688822269439697,0.974706768989563,-0.21612611413002014,0.0
,-0.0026750238612294197,0.21662472188472748,0.9762513041496277,0.0

,0.9747655391693115,-0.049437232315540314,0.21768800914287567,0.0
,0.10686033964157104,0.9595166444778442,-0.26059281826019287,0.0
,-0.19599227607250214,0.2772791385650635,0.9405866861343384,0.0

,0.9750136733055115,0.04986138641834259,-0.21647672355175018,0.0
,-0.10658780485391617,0.9599897861480713,-0.2589569091796875,0.0
,0.19490349292755127,0.27556031942367554,0.9413177371025085,0.0

,1.0,-2.6197981561892902e-09,2.0572477055225136e-08,0.0
,9.727289196348465e-09,0.935352087020874,-0.35371801257133484,0.0
,-1.8315839511728882e-08,0.35371801257133484,0.935352087020874,0.0

,0.9991387724876404,-0.035016536712646484,-0.022261103615164757,0.0
,0.028013793751597404,0.965027928352356,-0.26064595580101013,0.0
,0.030609505251049995,0.2597978711128235,0.9651777744293213,0.0

,0.9954038858413696,0.02229055017232895,0.09313581883907318,0.0
,0.0003273185284342617,0.9717365503311157,-0.23606769740581512,0.0
,-0.09576555341482162,0.2350131720304489,0.9672630429267883,0.0

,1.0,2.8239421467901593e-08,-1.6943657499268738e-07,0.0
,-2.8239449889611024e-08,1.0,-1.6943657499268738e-07,0.0
,1.6943657499268738e-07,1.6943657499268738e-07,1.0,0.0

,1.0,0.0,0.0,0.0
,0.0,1.0,0.0,0.0
,0.0,0.0,1.0,0.0

,1.0,-2.272942509762288e-07,3.0181976740095706e-07,0.0
,2.2729419413280993e-07,1.0,1.54147542730243e-07,0.0
,-3.018198242443759e-07,-1.5414747167596943e-07,1.0,0.0

,1.0,2.388657946994499e-07,-3.633949745562859e-07,0.0
,-2.388657094343216e-07,1.0,2.5043735263352573e-07,0.0
,3.6339503139970475e-07,-2.5043726736839744e-07,1.0,0.0

,0.9989917278289795,0.041617486625909805,0.01683914288878441,0.0
,-0.03932766988873482,0.9921290278434753,-0.11888369172811508,0.0
,-0.021654242649674416,0.1181015744805336,0.9927653670310974,0.0

,0.9991525411605835,-0.037815190851688385,-0.016253402456641197,0.0
,0.03551018238067627,0.9916239976882935,-0.12418077886104584,0.0
,0.02081318385899067,0.12349838018417358,0.99212646484375,0.0

,1.0,-3.5829867783832015e-07,-7.962190551324966e-08,0.0
,3.582986494166107e-07,1.0,-1.5924385365906346e-07,0.0
,7.962196235666852e-08,1.5924382523735403e-07,1.0,0.0

,1.0,3.184876788964175e-07,4.77731532555481e-07,0.0
,-3.184876788964175e-07,1.0,-1.0942775955117764e-13,0.0
,-4.77731532555481e-07,-4.27238505803975e-14,1.0,0.0

,1.0,0.0,0.0,0.0
,0.0,0.9964479804039001,-0.08421032875776291,0.0
,0.0,0.08421032875776291,0.9964479804039001,0.0

,0.9996413588523865,0.02585235796868801,-0.00698778685182333,0.0
,-0.026482198387384415,0.993087649345398,-0.11434847861528397,0.0
,0.003983307164162397,0.1144925206899643,0.9934161305427551,0.0

,0.9996413588523865,-0.02585238590836525,0.006987794768065214,0.0
,0.026482228189706802,0.993087649345398,-0.11434850096702576,0.0
,-0.003983311355113983,0.11449254304170609,0.9934161305427551,0.0

,1.0,-0.0,0.0,0.0
,0.0,0.9999659061431885,0.00825575552880764,0.0
,-0.0,-0.00825575552880764,0.9999659061431885,0.0

,0.9915528297424316,0.126155287027359,-0.030129387974739075,0.0
,-0.1296614557504654,0.9700156450271606,-0.2055664360523224,0.0
,0.0032926853746175766,0.20773661136627197,0.9781792759895325,0.0

,0.991619348526001,-0.12570035457611084,0.0298401340842247,0.0
,0.1291521042585373,0.9703565239906311,-0.20427431166172028,0.0
,-0.0032782135531306267,0.2064162939786911,0.9784587621688843,0.0

,0.9946876764297485,-0.09525681287050247,0.03902077674865723,0.0
,0.09448598325252533,0.9953015446662903,0.021147936582565308,0.0
,-0.04085192456841469,-0.017348675057291985,0.9990146160125732,0.0

,0.9946876168251038,0.09525696188211441,-0.0390208438038826,0.0
,-0.09448612481355667,0.9953015446662903,0.02114802598953247,0.0
,0.040852002799510956,-0.017348751425743103,0.9990145564079285,0.0

,1.0,1.6473473252176518e-08,1.1928503340641328e-07,0.0
,4.5375951884807364e-08,0.8660259246826172,-0.4999990463256836,0.0
,-1.1154065759910736e-07,0.4999990463256836,0.8660259246826172,0.0

,1.0,0.0,0.0,0.0
,0.0,1.0,0.0,0.0
,0.0,0.0,1.0,0.0

,1.0,0.0,0.0,0.0
,0.0,1.0,0.0,0.0
,0.0,0.0,1.0,0.0

,1.0,0.0,0.0,0.0
,0.0,1.0,0.0,0.0
,0.0,0.0,1.0,0.0

,1.0,0.0,0.0,0.0
,0.0,1.0,0.0,0.0
,0.0,0.0,1.0,0.0

,1.0,-1.5229711683938628e-15,-5.647885359394422e-08,0.0
,-6.451680552646555e-15,1.0,-1.4119713398486056e-07,0.0
,5.647885359394422e-08,1.4119713398486056e-07,1.0,0.0

,1.0,-2.670240661274844e-15,-3.9810959862052187e-08,0.0
,-6.839234971948603e-15,1.0,-2.388657662777405e-07,0.0
,3.9810959862052187e-08,2.388657662777405e-07,1.0,0.0

,1.0,3.069161493840511e-07,-2.953446198716847e-07,0.0
,-3.069161493840511e-07,1.0,1.1571597013926294e-08,0.0
,2.953446198716847e-07,-1.1571506419727484e-08,1.0,0.0

,1.0,-3.018197958226665e-07,2.722015324252425e-07,0.0
,3.018197958226665e-07,1.0,5.1382546217837444e-08,0.0
,-2.722015608469519e-07,-5.138246450542283e-08,1.0,0.0

,0.9896562695503235,-0.14320282638072968,-0.00856858678162098,0.0
,0.1332177072763443,0.9395282864570618,-0.315498948097229,0.0
,0.05323077365756035,0.3110940158367157,0.9488872289657593,0.0

,0.9903355836868286,0.13840080797672272,0.008982144296169281,0.0
,-0.128937229514122,0.942607581615448,-0.30800342559814453,0.0
,-0.05109455808997154,0.3038686215877533,0.9513428211212158,0.0

,1.0,3.184877073181269e-07,-2.7867670837622427e-07,0.0
,-3.1848762205299863e-07,1.0,2.7867679364135256e-07,0.0
,2.7867679364135256e-07,-2.7867670837622427e-07,1.0,0.0

,1.0,-8.97797320931204e-08,8.962965952248473e-16,0.0
,8.97797320931204e-08,1.0,-8.97797320931204e-08,0.0
,7.164103870956149e-15,8.97797320931204e-08,1.0,0.0

,1.0,1.2664112603033573e-07,-2.388657662777405e-07,0.0
,-1.2664105497606215e-07,1.0,2.786767367979337e-07,0.0
,2.3886582312115934e-07,-2.7867670837622427e-07,1.0,0.0

,1.0,3.5829867783832015e-07,-3.582986494166107e-07,0.0
,-3.582986209949013e-07,1.0,1.1943298261485324e-07,0.0
,3.582987062600296e-07,-1.194328547171608e-07,1.0,0.0

,1.0,5.175424462322553e-07,1.5924386786991818e-07,0.0
,-5.175425030756742e-07,1.0,1.9905472470327368e-07,0.0
,-1.5924376839393517e-07,-1.9905480996840197e-07,1.0,0.0

,1.0,-4.77731532555481e-07,7.962190551324966e-08,0.0
,4.77731532555481e-07,1.0,7.96219481458138e-08,0.0
,-7.96219481458138e-08,-7.962190551324966e-08,1.0,0.0

,1.0,-1.5924383944820875e-07,-2.388657662777405e-07,0.0
,1.5924383944820875e-07,1.0,3.9810931440342756e-08,0.0
,2.388657662777405e-07,-3.981097052019322e-08,1.0,0.0

,1.0,-2.388657946994499e-07,7.962189130239494e-08,0.0
,2.3886573785603105e-07,1.0,4.3792056203528773e-07,0.0
,-7.962199788380531e-08,-4.3792056203528773e-07,1.0,0.0

,1.0,-5.971643872726418e-07,-1.1943291156057967e-07,0.0
,5.971643872726418e-07,1.0,1.5924378260478989e-07,0.0
,1.1943281208459666e-07,-1.5924385365906346e-07,1.0,0.0

,1.0,-3.582986209949013e-07,-2.3886582312115934e-07,0.0
,3.582987062600296e-07,1.0,3.5829859257319185e-07,0.0
,2.388656810126122e-07,-3.5829867783832015e-07,1.0,0.0

,0.9994292855262756,-0.03366523236036301,-0.0027876764070242643,0.0
,0.03148514777421951,0.898442804813385,0.4379602372646332,0.0
,-0.012239466421306133,-0.43779805302619934,0.8989900350570679,0.0

,0.9701128602027893,-0.24259258806705475,-0.005462223663926125,0.0
,0.24259860813617706,0.9691640734672546,0.04320788383483887,0.0
,-0.005188120994716883,-0.043241649866104126,0.9990511536598206,0.0

,0.9706771373748779,0.24002990126609802,0.013098563067615032,0.0
,-0.2403707504272461,0.969803512096405,0.041267819702625275,0.0
,-0.0027975221164524555,-0.043206240981817245,0.9990622401237488,0.0

,1.0,-0.0,0.0,0.0
,0.0,1.0,6.157522136618354e-08,0.0
,-0.0,-6.157522136618354e-08,1.0,0.0

,0.9998967051506042,-0.012578761205077171,-0.006954794749617577,0.0
,0.01256474293768406,0.9999189376831055,-0.0020556910894811153,0.0
,0.006980089005082846,0.0019680934492498636,0.999973714351654,0.0

,0.9998967051506042,0.012580545619130135,0.006951719988137484,0.0
,-0.012566533870995045,0.9999189376831055,-0.0020556270610541105,0.0
,-0.006977017503231764,0.001968055497854948,0.999973714351654,0.0

,0.9846269488334656,0.17408935725688934,-0.014237059280276299,0.0
,-0.17360161244869232,0.9843487739562988,0.03033018670976162,0.0
,0.01929439604282379,-0.027392342686653137,0.9994385242462158,0.0

,0.9850085973739624,-0.17148816585540771,0.018703673034906387,0.0
,0.17087316513061523,0.98481684923172,0.030629782006144524,0.0
,-0.02367233671247959,-0.026974642649292946,0.9993557929992676,0.0

,1.0,7.962187709154023e-08,3.981095915150945e-07,0.0
,-7.962201920008738e-08,1.0,3.582986494166107e-07,0.0
,-3.981095630933851e-07,-3.5829867783832015e-07,1.0,0.0

,1.0,-1.9905478154669254e-07,-1.5924383944820875e-07,0.0
,1.9905480996840197e-07,1.0,1.1943286892801552e-07,0.0
,1.5924381102649932e-07,-1.1943289734972495e-07,1.0,0.0

,1.0,-2.7867667995451484e-07,3.582987062600296e-07,0.0
,2.7867687890648085e-07,1.0,-5.175423893888365e-07,0.0
,-3.582985641514824e-07,5.175425030756742e-07,1.0,0.0

,1.0,-5.340481322549688e-15,-1.1943288313887024e-07,0.0
,-1.3678469943897206e-14,1.0,-1.5924383944820875e-07,0.0
,1.1943288313887024e-07,1.5924383944820875e-07,1.0,0.0

,1.0,-3.981095915150945e-07,7.962191972410437e-08,0.0
,3.981095915150945e-07,1.0,2.2797447930085132e-14,0.0
,-7.962191972410437e-08,8.900800933700059e-15,1.0,0.0

,1.0,7.962193393495909e-08,-2.7867670837622427e-07,0.0
,-7.962186998611287e-08,1.0,2.388657946994499e-07,0.0
,2.786767367979337e-07,-2.388657662777405e-07,1.0,0.0

,1.0,1.5924385365906346e-07,2.388657662777405e-07,0.0
,-1.5924381102649932e-07,1.0,-1.5924386786991818e-07,0.0
,-2.388657946994499e-07,1.5924382523735403e-07,1.0,0.0

,1.0,-7.962199788380531e-08,-4.77731532555481e-07,0.0
,7.9621713666711e-08,1.0,-5.971644441160606e-07,0.0
,4.777315893988998e-07,5.971643872726418e-07,1.0,0.0

,1.0,-2.388657662777405e-07,7.96219481458138e-08,0.0
,2.388657946994499e-07,1.0,-4.3792056203528773e-07,0.0
,-7.962184156440344e-08,4.3792056203528773e-07,1.0,0.0

,1.0,1.1943288313887024e-07,-1.2016083928648863e-14,0.0
,-1.1943288313887024e-07,1.0,-3.582986494166107e-07,0.0
,-3.0776559279592844e-14,3.582986494166107e-07,1.0,0.0

,1.0,0.0,0.0,0.0
,0.0,0.9999234676361084,-0.012371004559099674,0.0
,0.0,0.012371004559099674,0.9999234676361084,0.0

,0.9999103546142578,-0.006621122360229492,-0.011635887436568737,0.0
,0.006619546562433243,0.9999780654907227,-0.00017390902212355286,0.0
,0.011636783368885517,9.686913836048916e-05,0.9999322891235352,0.0

,0.9999103546142578,0.006439235061407089,0.011737442575395107,0.0
,-0.006437558680772781,0.9999792575836182,-0.0001806154614314437,0.0
,-0.011738362722098827,0.00010503879457246512,0.9999310970306396,0.0

,1.0,2.7867676521964313e-07,3.981095630933851e-07,0.0
,-2.786766515328054e-07,1.0,-2.3886585154286877e-07,0.0
,-3.9810961993680394e-07,2.3886573785603105e-07,1.0,0.0

,1.0,7.454296024889118e-08,3.6337755204840505e-07,0.0
,-7.454314499000247e-08,1.0,4.92968240450864e-07,0.0
,-3.633774952049862e-07,-4.929682972942828e-07,1.0,0.0

,1.0,5.573534735958674e-07,-3.981097052019322e-08,0.0
,-5.573534735958674e-07,1.0,-7.962190551324966e-08,0.0
,3.981092788762908e-08,7.962192682953173e-08,1.0,0.0

,1.0,-3.981095275662483e-08,-1.5924383944820875e-07,0.0
,3.98109740729069e-08,1.0,1.1943288313887024e-07,0.0
,1.5924383944820875e-07,-1.1943288313887024e-07,1.0,0.0

,1.0,7.962193393495909e-08,-1.1943288313887024e-07,0.0
,-7.962189130239494e-08,1.0,3.582986494166107e-07,0.0
,1.1943291156057967e-07,-3.582986494166107e-07,1.0,0.0

,1.0,3.981092078220172e-08,3.184876788964175e-07,0.0
,-3.981105933803519e-08,1.0,4.3792056203528773e-07,0.0
,-3.184876788964175e-07,-4.3792056203528773e-07,1.0,0.0

,1.0,5.3404814072529824e-14,-4.77731532555481e-07,0.0
,1.3678469435677437e-13,1.0,3.981095915150945e-07,0.0
,4.77731532555481e-07,-3.981095915150945e-07,1.0,0.0

,1.0,-1.1943289734972495e-07,3.981095630933851e-07,0.0
,1.1943286892801552e-07,1.0,7.962195525124116e-08,0.0
,-3.981095915150945e-07,-7.962190551324966e-08,1.0,0.0

,1.0,-7.96218984078223e-08,3.184876788964175e-07,0.0
,7.962196946209588e-08,1.0,-2.3886573785603105e-07,0.0
,-3.184876788964175e-07,2.388657662777405e-07,1.0,0.0

,1.0,-1.1943288313887024e-07,3.981095275662483e-08,0.0
,1.1943288313887024e-07,1.0,2.388657662777405e-07,0.0
,-3.981098117833426e-08,-2.388657662777405e-07,1.0,0.0

,1.0,0.0,0.0,0.0
,0.0,1.0,-2.581516582722543e-07,0.0
,0.0,2.581516582722543e-07,1.0,0.0

,1.0,-2.954840994107144e-08,-1.4898131439622375e-07,0.0
,2.9548450797278747e-08,1.0,2.7743752184505865e-07,0.0
,1.4898130018536904e-07,-2.7743752184505865e-07,1.0,0.0

,1.0,3.078761068309177e-08,2.052507142025206e-08,0.0
,-3.078761068309177e-08,1.0,4.105014284050412e-08,0.0
,-2.0525069643895222e-08,-4.105014284050412e-08,1.0,0.0

,1.0,-3.5603203734800234e-14,-3.184876788964175e-07,0.0
,-9.118979172034053e-14,1.0,-3.981095915150945e-07,0.0
,3.184876788964175e-07,3.981095915150945e-07,1.0,0.0

,1.0,0.0,0.0,0.0
,0.0,1.0,0.0,0.0
,0.0,0.0,1.0,0.0

,1.0,1.5924383944820875e-07,3.184876788964175e-07,0.0
,-1.5924383944820875e-07,1.0,-3.6475915332883496e-14,0.0
,-3.184876788964175e-07,-1.4241283526799167e-14,1.0,0.0

,1.0,1.1943288313887024e-07,1.5924383944820875e-07,0.0
,-1.1943289734972495e-07,1.0,1.5924382523735403e-07,0.0
,-1.5924382523735403e-07,-1.5924383944820875e-07,1.0,0.0

,1.0,-1.5924376839393517e-07,3.582987062600296e-07,0.0
,1.5924399576761061e-07,1.0,-6.369753009494161e-07,0.0
,-3.5829859257319185e-07,6.36975357792835e-07,1.0,0.0

,1.0,7.96218984078223e-08,-1.5924385365906346e-07,0.0
,-7.962196946209588e-08,1.0,-4.3792056203528773e-07,0.0
,1.5924381102649932e-07,4.3792056203528773e-07,1.0,0.0

,1.0,-2.388657662777405e-07,-7.962193393495909e-08,0.0
,2.388657946994499e-07,1.0,2.388657662777405e-07,0.0
,7.962187709154023e-08,-2.388657662777405e-07,1.0,0.0

,1.0,1.9905478154669254e-07,-1.5924383944820875e-07,0.0
,-1.9905479575754725e-07,1.0,-7.962189130239494e-08,0.0
,1.5924382523735403e-07,7.962192682953173e-08,1.0,0.0

]
export const matRestGlobal = [1.0,5.963012861265327e-10,-8.203150936303416e-10,0.0
,-8.513399984977355e-10,0.05403905734419823,-0.9985388517379761,0.5175666809082031
,-5.511009426584224e-10,0.9985387921333313,0.054039061069488525,-0.6477333307266235
,0.0,0.0,0.0,1.0

,1.0,5.251191703692371e-10,8.676069862545432e-10,4.656612873077393e-10
,-8.51339887475433e-10,0.8995636105537415,0.436789870262146,0.5597666501998901
,-5.511008871472711e-10,-0.436789870262146,0.8995636105537415,0.13204166293144226
,0.0,0.0,0.0,1.0

,-0.10144008696079254,0.9935516715049744,-0.05064650624990463,4.656612873077393e-10
,-0.3018791675567627,-0.07925023138523102,-0.9500464797019958,0.5597666501998901
,-0.9479340314865112,-0.08108367770910263,0.30797168612480164,0.13204166293144226
,0.0,0.0,0.0,1.0

,-0.10144008696079254,-0.9935516715049744,0.05064650624990463,4.656612873077393e-10
,0.3018791675567627,-0.07925023138523102,-0.9500464797019958,0.5597666501998901
,0.9479340314865112,-0.08108367770910263,0.30797168612480164,0.13204166293144226
,0.0,0.0,0.0,1.0

,1.0,-1.3690034661451023e-09,3.4382216518302755e-10,9.313225746154785e-10
,1.411303740539438e-09,0.9739807844161987,-0.22663046419620514,1.3574750423431396
,-2.461827963706753e-11,0.22663044929504395,0.9739808440208435,-0.2552916407585144
,0.0,0.0,0.0,1.0

,0.9993270635604858,0.012999484315514565,0.034299518913030624,1.0138167142868042
,0.022750012576580048,-0.9531700015068054,-0.301578164100647,0.4788999855518341
,0.028772912919521332,0.3021555244922638,-0.9528242945671082,0.049304161220788956
,0.0,0.0,0.0,1.0

,0.9993270635604858,-0.012999484315514565,-0.034299518913030624,-1.0138167142868042
,-0.022750012576580048,-0.9531700015068054,-0.301578164100647,0.4788999855518341
,-0.028772912919521332,0.3021555244922638,-0.9528242945671082,0.049304161220788956
,0.0,0.0,0.0,1.0

,1.0,0.0,5.313171569376607e-10,0.0
,1.2255419769291453e-11,0.9997339248657227,-0.023066110908985138,2.020066738128662
,-5.311757700354747e-10,0.02306610904633999,0.9997339844703674,-0.10111667215824127
,0.0,0.0,0.0,1.0

,0.9918920993804932,0.1268984079360962,0.006852142512798309,1.0244667530059814
,0.12702687084674835,-0.991615891456604,-0.023708660155534744,-0.3019999861717224
,0.0037861024029552937,0.02438683621585369,-0.9996954202651978,0.2968499958515167
,0.0,0.0,0.0,1.0

,0.9918920993804932,-0.1268984079360962,-0.006852142512798309,-1.0244667530059814
,-0.12702687084674835,-0.991615891456604,-0.023708660155534744,-0.3019999861717224
,-0.0037861024029552937,0.02438683621585369,-0.9996954202651978,0.2968499958515167
,0.0,0.0,0.0,1.0

,1.0,6.454576872982898e-10,6.10580142001993e-10,0.0
,-6.874752989105559e-10,0.9974389672279358,0.0715232715010643,2.770608425140381
,-5.628511545729964e-10,-0.0715232715010643,0.9974389672279358,-0.08379998803138733
,0.0,0.0,0.0,1.0

,0.9956204891204834,0.09347021579742432,-0.0018035001121461391,1.424837350845337
,0.09347434341907501,-0.9949687123298645,0.03605276346206665,-3.430595874786377
,0.0015754334162920713,-0.03606344759464264,-0.9993482828140259,0.3737916350364685
,0.0,0.0,0.0,1.0

,0.9956204891204834,-0.09347021579742432,0.0018035001121461391,-1.424837350845337
,-0.09347434341907501,-0.9949687123298645,0.03605276346206665,-3.430595874786377
,-0.0015754334162920713,-0.03606344759464264,-0.9993482828140259,0.3737916350364685
,0.0,0.0,0.0,1.0

,-0.8562659621238708,0.516535222530365,-5.219291110414304e-10,9.313225746154785e-10
,-0.07589224725961685,-0.12580737471580505,0.9891475439071655,4.2098002433776855
,0.5109295845031738,0.8469733595848083,0.14692558348178864,-0.18699999153614044
,0.0,0.0,0.0,1.0

,-0.8562659621238708,-0.516535222530365,-5.219291110414304e-10,9.313225746154785e-10
,0.07589224725961685,-0.12580737471580505,0.9891475439071655,4.2098002433776855
,-0.5109295845031738,0.8469733595848083,0.14692558348178864,-0.18699999153614044
,0.0,0.0,0.0,1.0

,1.0,-5.273887992984783e-10,4.3126399673631965e-10,9.313225746154785e-10
,5.807275216263008e-10,0.9908660650253296,-0.13484999537467957,4.2098002433776855
,-3.5620645322254063e-10,0.13484999537467957,0.9908660650253296,-0.18699999153614044
,0.0,0.0,0.0,1.0

,0.9956204891204834,0.09347015619277954,-0.0018035001121461391,1.6153312921524048
,0.09347428381443024,-0.9949687123298645,0.03605276346206665,-5.458358287811279
,0.0015754310879856348,-0.03606344759464264,-0.9993482828140259,0.3002937138080597
,0.0,0.0,0.0,1.0

,0.9956204891204834,-0.09347015619277954,0.0018035001121461391,-1.6153312921524048
,-0.09347428381443024,-0.9949687123298645,0.03605276346206665,-5.458358287811279
,-0.0015754310879856348,-0.03606344759464264,-0.9993482828140259,0.3002937138080597
,0.0,0.0,0.0,1.0

,0.20535583794116974,0.9785058498382568,-0.01885133981704712,0.2273624837398529
,-0.9746607542037964,0.20621848106384277,0.0866626426577568,5.248016834259033
,0.08868740499019623,0.0005769807612523437,0.9960592985153198,0.21620836853981018
,0.0,0.0,0.0,1.0

,0.20535583794116974,-0.9785058498382568,0.01885133981704712,-0.2273624837398529
,0.9746607542037964,0.20621848106384277,0.0866626426577568,5.248016834259033
,-0.08868740499019623,0.0005769807612523437,0.9960592985153198,0.21620836853981018
,0.0,0.0,0.0,1.0

,1.0,0.0,0.0,0.0
,0.0,0.9394806027412415,-0.34260207414627075,5.959583282470703
,-0.0,0.34260204434394836,0.9394806623458862,0.05113333463668823
,0.0,0.0,0.0,1.0

,0.9956204295158386,0.041557710617780685,0.08374293148517609,1.8058249950408936
,0.09347427636384964,-0.45761236548423767,-0.8842247724533081,-7.486120700836182
,0.0015754440100863576,0.8881800770759583,-0.4594928026199341,0.22679582238197327
,0.0,0.0,0.0,1.0

,0.9956204295158386,-0.041557710617780685,-0.08374293148517609,-1.8058249950408936
,-0.09347427636384964,-0.45761236548423767,-0.8842247724533081,-7.486120700836182
,-0.0015754440100863576,0.8881800770759583,-0.4594928026199341,0.22679582238197327
,0.0,0.0,0.0,1.0

,-0.4778648316860199,0.8773751854896545,0.043104138225317,0.9904958009719849
,-0.8776675462722778,-0.4789216220378876,0.01826971024274826,5.408845901489258
,0.03667289763689041,-0.029100652784109116,0.9989034533500671,0.216658353805542
,0.0,0.0,0.0,1.0

,-0.4778648316860199,-0.8773751854896545,-0.043104138225317,-0.9904958009719849
,0.8776675462722778,-0.4789216220378876,0.01826971024274826,5.408845901489258
,-0.03667289763689041,-0.029100652784109116,0.9989034533500671,0.216658353805542
,0.0,0.0,0.0,1.0

,1.0,-6.458574564049968e-09,0.0,0.0
,6.2061928929324495e-09,0.9609230160713196,-0.2768157422542572,6.271728515625
,1.7878351021849426e-09,0.2768157422542572,0.9609230160713196,0.16496388614177704
,0.0,0.0,0.0,1.0

,0.9922835230827332,0.08466372638940811,0.09058459103107452,1.5604166984558105
,0.10953269898891449,-0.2561896741390228,-0.9604007005691528,-7.8911333084106445
,-0.0581042617559433,0.9629117250442505,-0.26348623633384705,1.5463333129882812
,0.0,0.0,0.0,1.0

,0.992043137550354,0.08543641120195389,0.09247219562530518,1.7881208658218384
,0.10497396439313889,-0.15582813322544098,-0.9821904897689819,-7.916129112243652
,-0.06950506567955017,0.9840824007987976,-0.16355682909488678,1.5596791505813599
,0.0,0.0,0.0,1.0

,0.9918038845062256,0.08789237588644028,0.09273650497198105,1.9454123973846436
,0.10410411655902863,-0.13508522510528564,-0.9853498339653015,-7.932271480560303
,-0.07407741248607635,0.9869279861450195,-0.14312800765037537,1.5346750020980835
,0.0,0.0,0.0,1.0

,0.9903412461280823,0.10424850881099701,0.09141401201486588,2.0945708751678467
,0.11228330433368683,-0.21620532870292664,-0.9698699712753296,-7.934137344360352
,-0.08134330809116364,0.9707664251327515,-0.22582241892814636,1.4644625186920166
,0.0,0.0,0.0,1.0

,0.994887113571167,0.04471544921398163,0.09055468440055847,2.2316291332244873
,0.09914407879114151,-0.261634886264801,-0.960061252117157,-7.932795524597168
,-0.019237305968999863,0.9641305208206177,-0.26473045349121094,1.39802086353302
,0.0,0.0,0.0,1.0

,0.9922835230827332,-0.08466372638940811,-0.09058459103107452,-1.5604166984558105
,-0.10953269898891449,-0.2561896741390228,-0.9604007005691528,-7.8911333084106445
,0.0581042617559433,0.9629117250442505,-0.26348623633384705,1.5463333129882812
,0.0,0.0,0.0,1.0

,0.992043137550354,-0.08543641120195389,-0.09247219562530518,-1.7881208658218384
,-0.10497396439313889,-0.15582813322544098,-0.9821904897689819,-7.916129112243652
,0.06950506567955017,0.9840824007987976,-0.16355682909488678,1.5596791505813599
,0.0,0.0,0.0,1.0

,0.9918038845062256,-0.08789237588644028,-0.09273650497198105,-1.9454123973846436
,-0.10410411655902863,-0.13508522510528564,-0.9853498339653015,-7.932271480560303
,0.07407741248607635,0.9869279861450195,-0.14312800765037537,1.5346750020980835
,0.0,0.0,0.0,1.0

,0.9903412461280823,-0.10424850881099701,-0.09141401201486588,-2.0945708751678467
,-0.11228330433368683,-0.21620532870292664,-0.9698699712753296,-7.934137344360352
,0.08134330809116364,0.9707664251327515,-0.22582241892814636,1.4644625186920166
,0.0,0.0,0.0,1.0

,0.994887113571167,-0.04471544921398163,-0.09055468440055847,-2.2316291332244873
,-0.09914407879114151,-0.261634886264801,-0.960061252117157,-7.932795524597168
,0.019237305968999863,0.9641305208206177,-0.26473045349121094,1.39802086353302
,0.0,0.0,0.0,1.0

,-0.7542188763618469,0.6548140645027161,0.04870753362774849,1.7003958225250244
,-0.6551004648208618,-0.7554455995559692,0.012056329287588596,5.021341800689697
,0.04469054564833641,-0.022815218195319176,0.9987403154373169,0.19311249256134033
,0.0,0.0,0.0,1.0

,-0.7542188763618469,-0.6548140645027161,-0.04870753362774849,-1.7003958225250244
,0.6551004648208618,-0.7554455995559692,0.012056329287588596,5.021341800689697
,-0.04469054564833641,-0.022815218195319176,0.9987403154373169,0.19311249256134033
,0.0,0.0,0.0,1.0

,1.0,5.4644377911472475e-09,-3.551298144444104e-09,-2.4835269396561444e-09
,-6.488625192702102e-09,0.8856587409973145,-0.4643367528915405,6.641233921051025
,6.078990644198257e-10,0.4643367528915405,0.8856587409973145,0.2714083194732666
,0.0,0.0,0.0,1.0

,0.9861338138580322,0.1396864354610443,0.08959852159023285,1.581754207611084
,0.12700308859348297,-0.28771552443504333,-0.9492576122283936,-7.955699920654297
,-0.1068195253610611,0.9474743008613586,-0.30146658420562744,1.7890126705169678
,0.0,0.0,0.0,1.0

,0.9948062300682068,0.050140708684921265,0.088580422103405,1.8058209419250488
,0.10025541484355927,-0.33227595686912537,-0.9378387331962585,-7.9484124183654785
,-0.017590757459402084,0.9418484568595886,-0.3355770707130432,1.7635539770126343
,0.0,0.0,0.0,1.0

,0.995770275592804,0.025538381189107895,0.08825793862342834,1.961529016494751
,0.09164395183324814,-0.34468159079551697,-0.9342355132102966,-7.9570417404174805
,0.00656202482059598,0.9383721947669983,-0.3455641269683838,1.715645670890808
,0.0,0.0,0.0,1.0

,0.9953093528747559,-0.030812332406640053,0.09170591086149216,2.1105833053588867
,0.08303789049386978,-0.2142930030822754,-0.9732334017753601,-7.96734619140625
,0.04963953047990799,0.9762832522392273,-0.21072925627231598,1.6135709285736084
,0.0,0.0,0.0,1.0

,0.9914464950561523,-0.09845498949289322,0.08567681163549423,2.2361831665039062
,0.03628401830792427,-0.4226527512073517,-0.905565083026886,-7.959441661834717
,0.12536893784999847,0.9009280204772949,-0.41546520590782166,1.4962124824523926
,0.0,0.0,0.0,1.0

,0.9861338138580322,-0.1396864354610443,-0.08959852159023285,-1.581754207611084
,-0.12700308859348297,-0.28771552443504333,-0.9492576122283936,-7.955699920654297
,0.1068195253610611,0.9474743008613586,-0.30146658420562744,1.7890126705169678
,0.0,0.0,0.0,1.0

,0.9948062300682068,-0.050140708684921265,-0.088580422103405,-1.8058209419250488
,-0.10025541484355927,-0.33227595686912537,-0.9378387331962585,-7.9484124183654785
,0.017590757459402084,0.9418484568595886,-0.3355770707130432,1.7635539770126343
,0.0,0.0,0.0,1.0

,0.995770275592804,-0.025538381189107895,-0.08825793862342834,-1.961529016494751
,-0.09164395183324814,-0.34468159079551697,-0.9342355132102966,-7.9570417404174805
,-0.00656202482059598,0.9383721947669983,-0.3455641269683838,1.715645670890808
,0.0,0.0,0.0,1.0

,0.9953093528747559,0.030812332406640053,-0.09170591086149216,-2.1105833053588867
,-0.08303789049386978,-0.2142930030822754,-0.9732334017753601,-7.96734619140625
,-0.04963953047990799,0.9762832522392273,-0.21072925627231598,1.6135709285736084
,0.0,0.0,0.0,1.0

,0.9914464950561523,0.09845498949289322,-0.08567681163549423,-2.2361831665039062
,-0.03628401830792427,-0.4226527512073517,-0.905565083026886,-7.959441661834717
,-0.12536893784999847,0.9009280204772949,-0.41546520590782166,1.4962124824523926
,0.0,0.0,0.0,1.0

,-0.7413142323493958,0.6707578897476196,0.02317429706454277,2.1700124740600586
,-0.6696987152099609,-0.7415369749069214,0.040331725031137466,4.479554653167725
,0.044237419962882996,0.014378687366843224,0.9989176392555237,0.17674997448921204
,0.0,0.0,0.0,1.0

,-0.7413142323493958,-0.6707578897476196,-0.02317429706454277,-2.1700124740600586
,0.6696987152099609,-0.7415369749069214,0.040331725031137466,4.479554653167725
,-0.044237419962882996,0.014378687366843224,0.9989176392555237,0.17674997448921204
,0.0,0.0,0.0,1.0

,1.0,0.0,4.4579062663530067e-10,-4.656612873077393e-10
,-2.08655020345061e-11,0.9989040493965149,0.04680560901761055,6.968283176422119
,-4.4530207299331437e-10,-0.04680560901761055,0.9989040493965149,0.4428750276565552
,0.0,0.0,0.0,1.0

,0.9958600997924805,0.02411125786602497,0.08764299005270004,1.8124668598175049
,0.09040580689907074,-0.36303386092185974,-0.9273797273635864,-7.9924540519714355
,0.00945708155632019,0.9314639568328857,-0.3637107014656067,1.8883916139602661
,0.0,0.0,0.0,1.0

,0.9957391619682312,-0.023840077221393585,0.08908002078533173,1.9647998809814453
,0.07667757570743561,-0.32257455587387085,-0.9434331655502319,-8.001187324523926
,0.05122646689414978,0.9462438821792603,-0.3193720579147339,1.8358290195465088
,0.0,0.0,0.0,1.0

,0.9935733079910278,0.07884768396615982,0.08121033012866974,2.106987476348877
,0.11003056913614273,-0.504452645778656,-0.8563998937606812,-7.992354393005371
,-0.02655838429927826,0.859831690788269,-0.5098863244056702,1.7275041341781616
,0.0,0.0,0.0,1.0

,0.9958136677742004,0.03632323816418648,0.083879753947258,2.227537155151367
,0.09120926260948181,-0.4551488757133484,-0.88573157787323,-7.996557712554932
,0.006005138158798218,0.889674186706543,-0.456556499004364,1.5753291845321655
,0.0,0.0,0.0,1.0

,0.9958600997924805,-0.02411125786602497,-0.08764299005270004,-1.8124668598175049
,-0.09040580689907074,-0.36303386092185974,-0.9273797273635864,-7.9924540519714355
,-0.00945708155632019,0.9314639568328857,-0.3637107014656067,1.8883916139602661
,0.0,0.0,0.0,1.0

,0.9957391619682312,0.023840077221393585,-0.08908002078533173,-1.9647998809814453
,-0.07667757570743561,-0.32257455587387085,-0.9434331655502319,-8.001187324523926
,-0.05122646689414978,0.9462438821792603,-0.3193720579147339,1.8358290195465088
,0.0,0.0,0.0,1.0

,0.9935733079910278,-0.07884768396615982,-0.08121033012866974,-2.106987476348877
,-0.11003056913614273,-0.504452645778656,-0.8563998937606812,-7.992354393005371
,0.02655838429927826,0.859831690788269,-0.5098863244056702,1.7275041341781616
,0.0,0.0,0.0,1.0

,0.9958136677742004,-0.03632323816418648,-0.083879753947258,-2.227537155151367
,-0.09120926260948181,-0.4551488757133484,-0.88573157787323,-7.996557712554932
,-0.006005138158798218,0.889674186706543,-0.456556499004364,1.5753291845321655
,0.0,0.0,0.0,1.0

,-0.7413142323493958,0.5111451148986816,-0.4349527359008789,3.3135085105895996
,-0.6696986556053162,-0.5206322073936462,0.5295713543891907,3.21539568901062
,0.044237423688173294,0.6838660836219788,0.7282652258872986,0.20126250386238098
,0.0,0.0,0.0,1.0

,-0.7413142323493958,-0.5111451148986816,0.4349527359008789,-3.3135085105895996
,0.6696986556053162,-0.5206322073936462,0.5295713543891907,3.21539568901062
,-0.044237423688173294,0.6838660836219788,0.7282652258872986,0.20126250386238098
,0.0,0.0,0.0,1.0

,1.0,0.0,-3.403576975813394e-09,0.0
,-1.8546673086206056e-09,-0.8384899497032166,-0.5449171662330627,7.032541751861572
,-2.8538647001141726e-09,0.5449171662330627,-0.8384899497032166,0.5642833113670349
,0.0,0.0,0.0,1.0

,-0.6692910194396973,0.7053973078727722,-0.23337556421756744,0.031033329665660858
,-0.23559607565402985,-0.4993733763694763,-0.8337389826774597,7.177499771118164
,-0.7046588063240051,-0.5030316710472107,0.5004149675369263,1.485200047492981
,0.0,0.0,0.0,1.0

,-0.6692910194396973,-0.7053973078727722,0.23337556421756744,-0.031033329665660858
,0.23559607565402985,-0.4993733763694763,-0.8337389826774597,7.177499771118164
,0.7046588063240051,-0.5030316710472107,0.5004149675369263,1.485200047492981
,0.0,0.0,0.0,1.0

,-1.0,0.0,-3.0706642784039673e-10,0.0
,-3.066804588058858e-10,-0.05012242868542671,0.9987430572509766,6.961366653442383
,-1.539091597224651e-11,0.9987430572509766,0.05012242868542671,-0.25646668672561646
,0.0,0.0,0.0,1.0

,-1.0,0.0,-3.2861857679478135e-10,0.0
,-3.286088623433159e-10,0.007697046268731356,0.9999703764915466,7.032541751861572
,2.529392710906575e-12,0.9999703168869019,-0.007697046734392643,0.5642833113670349
,0.0,0.0,0.0,1.0

,0.947317361831665,0.30669015645980835,-0.0923633724451065,-4.656612873077393e-10
,-0.014991670846939087,-0.24559612572193146,-0.9692563414573669,8.448142051696777
,-0.31994548439979553,0.9195780158042908,-0.22805967926979065,0.37353333830833435
,0.0,0.0,0.0,1.0

,0.947317361831665,-0.30669015645980835,0.0923633724451065,-4.656612873077393e-10
,0.014991670846939087,-0.24559612572193146,-0.9692563414573669,8.448142051696777
,0.31994548439979553,0.9195780158042908,-0.22805967926979065,0.37353333830833435
,0.0,0.0,0.0,1.0

,-0.7342246770858765,-0.42151156067848206,-0.5322051048278809,0.6045333743095398
,-0.5799964666366577,-0.01800835132598877,0.8144199848175049,7.425100326538086
,-0.3528715670108795,0.9066441655158997,-0.23125305771827698,1.036699891090393
,0.0,0.0,0.0,1.0

,-0.7342246770858765,0.42151156067848206,0.5322051048278809,-0.6045333743095398
,0.5799964666366577,-0.01800835132598877,0.8144199848175049,7.425100326538086
,0.3528715670108795,0.9066441655158997,-0.23125305771827698,1.036699891090393
,0.0,0.0,0.0,1.0

,-0.8694900274276733,-0.46696972846984863,0.16101673245429993,0.6230666637420654
,0.05088239535689354,0.2395685613155365,0.9695451855659485,7.201366424560547
,-0.4913228154182434,0.8512027859687805,-0.18454192578792572,1.0145334005355835
,0.0,0.0,0.0,1.0

,-0.8694900274276733,0.46696972846984863,-0.16101673245429993,-0.6230666637420654
,-0.05088239535689354,0.2395685613155365,0.9695451855659485,7.201366424560547
,0.4913228154182434,0.8512027859687805,-0.18454192578792572,1.0145334005355835
,0.0,0.0,0.0,1.0

,-0.7413142919540405,0.5111449956893921,-0.4349527359008789,3.923335552215576
,-0.6696985363960266,-0.5206323266029358,0.5295713543891907,2.594249963760376
,0.044237300753593445,0.6838660836219788,0.7282652258872986,1.0171561241149902
,0.0,0.0,0.0,1.0

,-0.7413142919540405,-0.5111449956893921,0.4349527359008789,-3.923335552215576
,0.6696985363960266,-0.5206323266029358,0.5295713543891907,2.594249963760376
,-0.044237300753593445,0.6838660836219788,0.7282652258872986,1.0171561241149902
,0.0,0.0,0.0,1.0

,-1.0,0.0,0.0,0.0
,0.0,0.575704038143158,0.8176581859588623,6.255499839782715
,0.0,0.8176581263542175,-0.5757040977478027,1.069266676902771
,0.0,0.0,0.0,1.0

,-1.0,0.0,0.0,0.0
,0.0,0.7546930909156799,-0.6560781002044678,6.255499839782715
,-0.0,-0.6560781002044678,-0.7546930909156799,1.069266676902771
,0.0,0.0,0.0,1.0

,-0.6692910194396973,0.31374651193618774,-0.6735077500343323,0.19823333621025085
,-0.23559607565402985,-0.9493086338043213,-0.2081044763326645,7.059133529663086
,-0.7046588063240051,0.019393324851989746,0.7092812657356262,1.3659666776657104
,0.0,0.0,0.0,1.0

,-0.6692910194396973,-0.31374651193618774,0.6735077500343323,-0.19823333621025085
,0.23559607565402985,-0.9493086338043213,-0.2081044763326645,7.059133529663086
