export const laugh01_IN = [1.0,0.0,0.0,0.0
,0.0,1.0,0.0,0.0
,0.0,0.0,1.0,0.0

,1.0,0.0,0.0,0.0
,0.0,1.0,0.0,0.0
,0.0,0.0,1.0,0.0

,1.0,0.0,0.0,0.0
,0.0,1.0,0.0,0.0
,0.0,0.0,1.0,0.0

,1.0,0.0,0.0,0.0
,0.0,1.0,0.0,0.0
,0.0,0.0,1.0,0.0

,1.0,0.0,0.0,0.0
,0.0,1.0,-3.582986494166107e-07,0.0
,0.0,3.582986494166107e-07,1.0,0.0

,1.0,3.981095630933851e-08,-3.9810963414765865e-08,0.0
,-3.9810966967479544e-08,1.0,-2.786767367979337e-07,0.0
,3.981095275662483e-08,2.786767367979337e-07,1.0,0.0

,1.0,0.0,0.0,0.0
,0.0,1.0,0.0,0.0
,0.0,0.0,1.0,0.0

,1.0,0.0,0.0,0.0
,0.0,1.0,0.0,0.0
,0.0,0.0,1.0,0.0

,1.0,0.0,0.0,0.0
,0.0,1.0,0.0,0.0
,0.0,0.0,1.0,0.0

,1.0,0.0,0.0,0.0
,0.0,1.0,0.0,0.0
,0.0,0.0,1.0,0.0

,1.0,0.0,0.0,0.0
,0.0,1.0,0.0,0.0
,0.0,0.0,1.0,0.0

,1.0,0.0,0.0,0.0
,0.0,1.0,0.0,0.0
,0.0,0.0,1.0,0.0

,1.0,0.0,0.0,0.0
,0.0,1.0,0.0,0.0
,0.0,0.0,1.0,0.0

,1.0,0.0,0.0,0.0
,0.0,1.0,0.0,0.0
,0.0,0.0,1.0,0.0

,1.0,0.0,0.0,0.0
,0.0,1.0,0.0,0.0
,0.0,0.0,1.0,0.0

,1.0,0.0,0.0,0.0
,0.0,1.0,0.0,0.0
,0.0,0.0,1.0,0.0

,1.0,0.0,0.0,0.0
,0.0,1.0,0.0,0.0
,0.0,0.0,1.0,0.0

,1.0,0.0,0.0,0.0
,0.0,1.0,0.0,0.0
,0.0,0.0,1.0,0.0

,1.0,0.0,0.0,0.0
,0.0,1.0,0.0,0.0
,0.0,0.0,1.0,0.0

,1.0,0.0,0.0,0.0
,0.0,1.0,0.0,0.0
,0.0,0.0,1.0,0.0

,1.0,0.0,0.0,0.0
,0.0,1.0,0.0,0.0
,0.0,0.0,1.0,0.0

,1.0,8.010722619099242e-15,1.1943288313887024e-07,0.0
,2.051770618639523e-14,1.0,-2.388657662777405e-07,0.0
,-1.1943288313887024e-07,2.388657662777405e-07,1.0,0.0

,1.0,0.0,0.0,0.0
,0.0,1.0,0.0,0.0
,0.0,0.0,1.0,0.0

,1.0,0.0,0.0,0.0
,0.0,1.0,0.0,0.0
,0.0,0.0,1.0,0.0

,1.0,-1.9905479575754725e-07,3.981095630933851e-08,0.0
,1.9905478154669254e-07,1.0,7.962191972410437e-08,0.0
,-3.981097052019322e-08,-7.962191261867702e-08,1.0,0.0

,1.0,0.0,0.0,0.0
,0.0,1.0,0.0,0.0
,0.0,0.0,1.0,0.0

,1.0,0.0,0.0,0.0
,0.0,1.0,0.0,0.0
,0.0,0.0,1.0,0.0

,1.0,-7.962191972410437e-08,-3.9810966967479544e-08,0.0
,7.962192682953173e-08,1.0,3.184876788964175e-07,0.0
,3.981094209848379e-08,-3.184876788964175e-07,1.0,0.0

,1.0,0.0,0.0,0.0
,0.0,1.0,0.0,0.0
,0.0,0.0,1.0,0.0

,1.0,0.0,0.0,0.0
,0.0,1.0,0.0,0.0
,0.0,0.0,1.0,0.0

,1.0,-7.962191972410437e-08,-7.120641763399584e-15,0.0
,7.962191972410437e-08,1.0,3.184876788964175e-07,0.0
,-1.8237957666441748e-14,-3.184876788964175e-07,1.0,0.0

,1.0,0.0,0.0,0.0
,0.0,1.0,0.0,0.0
,0.0,0.0,1.0,0.0

,1.0,0.0,0.0,0.0
,0.0,1.0,0.0,0.0
,0.0,0.0,1.0,0.0

,1.0,-7.962191972410437e-08,3.981095630933851e-08,0.0
,7.962191261867702e-08,1.0,1.9905479575754725e-07,0.0
,-3.981097052019322e-08,-1.9905478154669254e-07,1.0,0.0

,1.0,0.0,0.0,0.0
,0.0,1.0,0.0,0.0
,0.0,0.0,1.0,0.0

,1.0,0.0,0.0,0.0
,0.0,1.0,0.0,0.0
,0.0,0.0,1.0,0.0

,1.0,0.0,0.0,0.0
,0.0,1.0,0.0,0.0
,0.0,0.0,1.0,0.0

,1.0,0.0,0.0,0.0
,0.0,1.0,0.0,0.0
,0.0,0.0,1.0,0.0

,1.0,0.0,0.0,0.0
,0.0,1.0,0.0,0.0
,0.0,0.0,1.0,0.0

,1.0,0.0,0.0,0.0
,0.0,1.0,0.0,0.0
,0.0,0.0,1.0,0.0

,1.0,0.0,0.0,0.0
,0.0,1.0,0.0,0.0
,0.0,0.0,1.0,0.0

,1.0,0.0,0.0,0.0
,0.0,1.0,0.0,0.0
,0.0,0.0,1.0,0.0

,1.0,0.0,0.0,0.0
,0.0,1.0,0.0,0.0
,0.0,0.0,1.0,0.0

,1.0,0.0,0.0,0.0
,0.0,1.0,0.0,0.0
,0.0,0.0,1.0,0.0

,1.0,0.0,0.0,0.0
,0.0,1.0,0.0,0.0
,0.0,0.0,1.0,0.0

,1.0,0.0,0.0,0.0
,0.0,1.0,0.0,0.0
,0.0,0.0,1.0,0.0

,1.0,0.0,0.0,0.0
,0.0,1.0,0.0,0.0
,0.0,0.0,1.0,0.0

,1.0,0.0,0.0,0.0
,0.0,1.0,0.0,0.0
,0.0,0.0,1.0,0.0

,1.0,0.0,0.0,0.0
,0.0,1.0,0.0,0.0
,0.0,0.0,1.0,0.0

,1.0,0.0,0.0,0.0
,0.0,1.0,0.0,0.0
,0.0,0.0,1.0,0.0

,1.0,0.0,0.0,0.0
,0.0,1.0,0.0,0.0
,0.0,0.0,1.0,0.0

,1.0,0.0,0.0,0.0
,0.0,1.0,0.0,0.0
,0.0,0.0,1.0,0.0

,1.0,0.0,0.0,0.0
,0.0,1.0,0.0,0.0
,0.0,0.0,1.0,0.0

,1.0,0.0,0.0,0.0
,0.0,1.0,0.0,0.0
,0.0,0.0,1.0,0.0

,1.0,0.0,0.0,0.0
,0.0,1.0,0.0,0.0
,0.0,0.0,1.0,0.0

,1.0,0.0,0.0,0.0
,0.0,1.0,0.0,0.0
,0.0,0.0,1.0,0.0

,1.0,0.0,0.0,0.0
,0.0,1.0,0.0,0.0
,0.0,0.0,1.0,0.0

,1.0,0.0,0.0,0.0
,0.0,1.0,0.0,0.0
,0.0,0.0,1.0,0.0

,1.0,0.0,0.0,0.0
,0.0,1.0,0.0,0.0
,0.0,0.0,1.0,0.0

,1.0,0.0,0.0,0.0
,0.0,1.0,0.0,0.0
,0.0,0.0,1.0,0.0

,1.0,-2.388657662777405e-07,3.981094209848379e-08,0.0
,2.388657662777405e-07,1.0,2.388657662777405e-07,0.0
,-3.9810998941902653e-08,-2.388657662777405e-07,1.0,0.0

,1.0,3.1848765047470806e-07,7.96219481458138e-08,0.0
,-3.184876788964175e-07,1.0,3.1848765047470806e-07,0.0
,-7.96218486698308e-08,-3.184876788964175e-07,1.0,0.0

,1.0,0.0,0.0,0.0
,0.0,0.9691392183303833,-0.2465139776468277,0.0
,0.0,0.2465139776468277,0.9691392183303833,0.0

,0.9484130144119263,-0.3158615231513977,0.027280323207378387,0.0
,0.3166610300540924,0.9395818114280701,-0.13004527986049652,0.0
,0.015444205142557621,0.13197524845600128,0.9911326766014099,0.0

,0.9490755796432495,0.3138919472694397,-0.026970412582159042,0.0
,-0.3146812617778778,0.9403569102287292,-0.1292460709810257,0.0
,-0.015207488089799881,0.13115136325359344,0.991245687007904,0.0

,1.0,-0.0,0.0,0.0
,0.0,0.9999082684516907,0.013545386493206024,0.0
,-0.0,-0.013545386493206024,0.9999082684516907,0.0

,1.0,0.0,0.0,0.0
,0.0,1.0,0.0,0.0
,0.0,0.0,1.0,0.0

,1.0,0.0,0.0,0.0
,0.0,1.0,0.0,0.0
,0.0,0.0,1.0,0.0

,1.0,0.0,0.0,0.0
,0.0,1.0,0.0,0.0
,0.0,0.0,1.0,0.0

,1.0,0.0,0.0,0.0
,0.0,1.0,0.0,0.0
,0.0,0.0,1.0,0.0

,1.0,0.0,0.0,0.0
,0.0,1.0,0.0,0.0
,0.0,0.0,1.0,0.0

,0.9999459981918335,0.005947847850620747,-0.008522416464984417,0.0
,-0.0049636936746537685,0.993788480758667,0.11117471009492874,0.0
,0.009130730293691158,-0.11112640798091888,0.993764340877533,0.0

,0.9999492764472961,-0.005751794204115868,0.008271475322544575,0.0
,0.004826944787055254,0.9941627979278564,0.10778244584798813,0.0
,-0.008843135088682175,-0.10773704946041107,0.994140088558197,0.0

,1.0,-3.7353538573370315e-07,-2.9096389653204824e-07,0.0
,3.735354141554126e-07,1.0,1.7153088549548556e-07,0.0
,2.9096381126691995e-07,-1.7153099918232328e-07,1.0,0.0

,1.0,7.96218984078223e-08,1.9905479575754725e-07,0.0
,-7.962196946209588e-08,1.0,3.582986494166107e-07,0.0
,-1.9905476733583782e-07,-3.5829867783832015e-07,1.0,0.0

,1.0,-0.0,0.0,0.0
,0.0,0.9961047172546387,0.08817797154188156,0.0
,-0.0,-0.08817797154188156,0.9961047172546387,0.0

,1.0,0.0,0.0,0.0
,0.0,0.9998092651367188,-0.019530534744262695,0.0
,0.0,0.019530534744262695,0.9998092651367188,0.0

,0.9983323216438293,0.05578065663576126,-0.01486810389906168,0.0
,-0.05767558887600899,0.9747645258903503,-0.21565628051757812,0.0
,0.0024634520523250103,0.21615417301654816,0.9763561487197876,0.0

,0.9983769655227661,-0.05495905876159668,0.01493075955659151,0.0
,0.05688822269439697,0.974706768989563,-0.21612611413002014,0.0
,-0.0026750238612294197,0.21662472188472748,0.9762513041496277,0.0

,0.9747655391693115,-0.049437232315540314,0.21768800914287567,0.0
,0.10686033964157104,0.9595166444778442,-0.26059281826019287,0.0
,-0.19599227607250214,0.2772791385650635,0.9405866861343384,0.0

,0.9750136733055115,0.04986138641834259,-0.21647672355175018,0.0
,-0.10658780485391617,0.9599897861480713,-0.2589569091796875,0.0
,0.19490349292755127,0.27556031942367554,0.9413177371025085,0.0

,1.0,-2.6197981561892902e-09,2.0572477055225136e-08,0.0
,9.727289196348465e-09,0.935352087020874,-0.35371801257133484,0.0
,-1.8315839511728882e-08,0.35371801257133484,0.935352087020874,0.0

,0.9991387724876404,-0.035016536712646484,-0.022261103615164757,0.0
,0.028013793751597404,0.965027928352356,-0.26064595580101013,0.0
,0.030609505251049995,0.2597978711128235,0.9651777744293213,0.0

,0.9954038858413696,0.02229055017232895,0.09313581883907318,0.0
,0.0003273185284342617,0.9717365503311157,-0.23606769740581512,0.0
,-0.09576555341482162,0.2350131720304489,0.9672630429267883,0.0

,1.0,2.8239421467901593e-08,-1.6943657499268738e-07,0.0
,-2.8239449889611024e-08,1.0,-1.6943657499268738e-07,0.0
,1.6943657499268738e-07,1.6943657499268738e-07,1.0,0.0

,1.0,0.0,0.0,0.0
,0.0,1.0,0.0,0.0
,0.0,0.0,1.0,0.0

,1.0,-2.272942509762288e-07,3.0181976740095706e-07,0.0
,2.2729419413280993e-07,1.0,1.54147542730243e-07,0.0
,-3.018198242443759e-07,-1.5414747167596943e-07,1.0,0.0

,1.0,2.388657946994499e-07,-3.633949745562859e-07,0.0
,-2.388657094343216e-07,1.0,2.5043735263352573e-07,0.0
,3.6339503139970475e-07,-2.5043726736839744e-07,1.0,0.0

,0.9989917278289795,0.041617486625909805,0.01683914288878441,0.0
,-0.03932766988873482,0.9921290278434753,-0.11888369172811508,0.0
,-0.021654242649674416,0.1181015744805336,0.9927653670310974,0.0

,0.9991525411605835,-0.037815190851688385,-0.016253402456641197,0.0
,0.03551018238067627,0.9916239976882935,-0.12418077886104584,0.0
,0.02081318385899067,0.12349838018417358,0.99212646484375,0.0

,1.0,-3.5829867783832015e-07,-7.962190551324966e-08,0.0
,3.582986494166107e-07,1.0,-1.5924385365906346e-07,0.0
,7.962196235666852e-08,1.5924382523735403e-07,1.0,0.0

,1.0,3.184876788964175e-07,4.77731532555481e-07,0.0
,-3.184876788964175e-07,1.0,-1.0942775955117764e-13,0.0
,-4.77731532555481e-07,-4.27238505803975e-14,1.0,0.0

,1.0,0.0,0.0,0.0
,0.0,0.9964479804039001,-0.08421032875776291,0.0
,0.0,0.08421032875776291,0.9964479804039001,0.0

,0.9996413588523865,0.02585235796868801,-0.00698778685182333,0.0
,-0.026482198387384415,0.993087649345398,-0.11434847861528397,0.0
,0.003983307164162397,0.1144925206899643,0.9934161305427551,0.0

,0.9996413588523865,-0.02585238590836525,0.006987794768065214,0.0
,0.026482228189706802,0.993087649345398,-0.11434850096702576,0.0
,-0.003983311355113983,0.11449254304170609,0.9934161305427551,0.0

,1.0,-0.0,0.0,0.0
,0.0,0.9999659061431885,0.00825575552880764,0.0
,-0.0,-0.00825575552880764,0.9999659061431885,0.0

,0.9915528297424316,0.126155287027359,-0.030129387974739075,0.0
,-0.1296614557504654,0.9700156450271606,-0.2055664360523224,0.0
,0.0032926853746175766,0.20773661136627197,0.9781792759895325,0.0

,0.991619348526001,-0.12570035457611084,0.0298401340842247,0.0
,0.1291521042585373,0.9703565239906311,-0.20427431166172028,0.0
,-0.0032782135531306267,0.2064162939786911,0.9784587621688843,0.0

,0.9946876764297485,-0.09525681287050247,0.03902077674865723,0.0
,0.09448598325252533,0.9953015446662903,0.021147936582565308,0.0
,-0.04085192456841469,-0.017348675057291985,0.9990146160125732,0.0

,0.9946876168251038,0.09525696188211441,-0.0390208438038826,0.0
,-0.09448612481355667,0.9953015446662903,0.02114802598953247,0.0
,0.040852002799510956,-0.017348751425743103,0.9990145564079285,0.0

,1.0,1.6473473252176518e-08,1.1928503340641328e-07,0.0
,4.5375951884807364e-08,0.8660259246826172,-0.4999990463256836,0.0
,-1.1154065759910736e-07,0.4999990463256836,0.8660259246826172,0.0

,1.0,0.0,0.0,0.0
,0.0,1.0,0.0,0.0
,0.0,0.0,1.0,0.0

,1.0,0.0,0.0,0.0
,0.0,1.0,0.0,0.0
,0.0,0.0,1.0,0.0

,1.0,0.0,0.0,0.0
,0.0,1.0,0.0,0.0
,0.0,0.0,1.0,0.0

,1.0,0.0,0.0,0.0
,0.0,1.0,0.0,0.0
,0.0,0.0,1.0,0.0

,1.0,-1.5229711683938628e-15,-5.647885359394422e-08,0.0
,-6.451680552646555e-15,1.0,-1.4119713398486056e-07,0.0
,5.647885359394422e-08,1.4119713398486056e-07,1.0,0.0

,1.0,-2.670240661274844e-15,-3.9810959862052187e-08,0.0
,-6.839234971948603e-15,1.0,-2.388657662777405e-07,0.0
,3.9810959862052187e-08,2.388657662777405e-07,1.0,0.0

,1.0,3.069161493840511e-07,-2.953446198716847e-07,0.0
,-3.069161493840511e-07,1.0,1.1571597013926294e-08,0.0
,2.953446198716847e-07,-1.1571506419727484e-08,1.0,0.0

,1.0,-3.018197958226665e-07,2.722015324252425e-07,0.0
,3.018197958226665e-07,1.0,5.1382546217837444e-08,0.0
,-2.722015608469519e-07,-5.138246450542283e-08,1.0,0.0

,0.9896562695503235,-0.14320282638072968,-0.00856858678162098,0.0
,0.1332177072763443,0.9395282864570618,-0.315498948097229,0.0
,0.05323077365756035,0.3110940158367157,0.9488872289657593,0.0

,0.9903355836868286,0.13840080797672272,0.008982144296169281,0.0
,-0.128937229514122,0.942607581615448,-0.30800342559814453,0.0
,-0.05109455808997154,0.3038686215877533,0.9513428211212158,0.0

,1.0,3.184877073181269e-07,-2.7867670837622427e-07,0.0
,-3.1848762205299863e-07,1.0,2.7867679364135256e-07,0.0
,2.7867679364135256e-07,-2.7867670837622427e-07,1.0,0.0

,1.0,-8.97797320931204e-08,8.962965952248473e-16,0.0
,8.97797320931204e-08,1.0,-8.97797320931204e-08,0.0
,7.164103870956149e-15,8.97797320931204e-08,1.0,0.0

,1.0,1.2664112603033573e-07,-2.388657662777405e-07,0.0
,-1.2664105497606215e-07,1.0,2.786767367979337e-07,0.0
,2.3886582312115934e-07,-2.7867670837622427e-07,1.0,0.0

,1.0,3.5829867783832015e-07,-3.582986494166107e-07,0.0
,-3.582986209949013e-07,1.0,1.1943298261485324e-07,0.0
,3.582987062600296e-07,-1.194328547171608e-07,1.0,0.0

,1.0,5.175424462322553e-07,1.5924386786991818e-07,0.0
,-5.175425030756742e-07,1.0,1.9905472470327368e-07,0.0
,-1.5924376839393517e-07,-1.9905480996840197e-07,1.0,0.0

,1.0,-4.77731532555481e-07,7.962190551324966e-08,0.0
,4.77731532555481e-07,1.0,7.96219481458138e-08,0.0
,-7.96219481458138e-08,-7.962190551324966e-08,1.0,0.0

,1.0,-1.5924383944820875e-07,-2.388657662777405e-07,0.0
,1.5924383944820875e-07,1.0,3.9810931440342756e-08,0.0
,2.388657662777405e-07,-3.981097052019322e-08,1.0,0.0

,1.0,-2.388657946994499e-07,7.962189130239494e-08,0.0
,2.3886573785603105e-07,1.0,4.3792056203528773e-07,0.0
,-7.962199788380531e-08,-4.3792056203528773e-07,1.0,0.0

,1.0,-5.971643872726418e-07,-1.1943291156057967e-07,0.0
,5.971643872726418e-07,1.0,1.5924378260478989e-07,0.0
,1.1943281208459666e-07,-1.5924385365906346e-07,1.0,0.0

,1.0,-3.582986209949013e-07,-2.3886582312115934e-07,0.0
,3.582987062600296e-07,1.0,3.5829859257319185e-07,0.0
,2.388656810126122e-07,-3.5829867783832015e-07,1.0,0.0

,0.9994292855262756,-0.03366523236036301,-0.0027876764070242643,0.0
,0.03148514777421951,0.898442804813385,0.4379602372646332,0.0
,-0.012239466421306133,-0.43779805302619934,0.8989900350570679,0.0

,0.9701128602027893,-0.24259258806705475,-0.005462223663926125,0.0
,0.24259860813617706,0.9691640734672546,0.04320788383483887,0.0
,-0.005188120994716883,-0.043241649866104126,0.9990511536598206,0.0

,0.9706771373748779,0.24002990126609802,0.013098563067615032,0.0
,-0.2403707504272461,0.969803512096405,0.041267819702625275,0.0
,-0.0027975221164524555,-0.043206240981817245,0.9990622401237488,0.0

,1.0,-0.0,0.0,0.0
,0.0,1.0,6.157522136618354e-08,0.0
,-0.0,-6.157522136618354e-08,1.0,0.0

,0.9998967051506042,-0.012578761205077171,-0.006954794749617577,0.0
,0.01256474293768406,0.9999189376831055,-0.0020556910894811153,0.0
,0.006980089005082846,0.0019680934492498636,0.999973714351654,0.0

,0.9998967051506042,0.012580545619130135,0.006951719988137484,0.0
,-0.012566533870995045,0.9999189376831055,-0.0020556270610541105,0.0
,-0.006977017503231764,0.001968055497854948,0.999973714351654,0.0

,0.9846269488334656,0.17408935725688934,-0.014237059280276299,0.0
,-0.17360161244869232,0.9843487739562988,0.03033018670976162,0.0
,0.01929439604282379,-0.027392342686653137,0.9994385242462158,0.0

,0.9850085973739624,-0.17148816585540771,0.018703673034906387,0.0
,0.17087316513061523,0.98481684923172,0.030629782006144524,0.0
,-0.02367233671247959,-0.026974642649292946,0.9993557929992676,0.0

,1.0,7.962187709154023e-08,3.981095915150945e-07,0.0
,-7.962201920008738e-08,1.0,3.582986494166107e-07,0.0
,-3.981095630933851e-07,-3.5829867783832015e-07,1.0,0.0

,1.0,-1.9905478154669254e-07,-1.5924383944820875e-07,0.0
,1.9905480996840197e-07,1.0,1.1943286892801552e-07,0.0
,1.5924381102649932e-07,-1.1943289734972495e-07,1.0,0.0

,1.0,-2.7867667995451484e-07,3.582987062600296e-07,0.0
,2.7867687890648085e-07,1.0,-5.175423893888365e-07,0.0
,-3.582985641514824e-07,5.175425030756742e-07,1.0,0.0

,1.0,-5.340481322549688e-15,-1.1943288313887024e-07,0.0
,-1.3678469943897206e-14,1.0,-1.5924383944820875e-07,0.0
,1.1943288313887024e-07,1.5924383944820875e-07,1.0,0.0

,1.0,-3.981095915150945e-07,7.962191972410437e-08,0.0
,3.981095915150945e-07,1.0,2.2797447930085132e-14,0.0
,-7.962191972410437e-08,8.900800933700059e-15,1.0,0.0

,1.0,7.962193393495909e-08,-2.7867670837622427e-07,0.0
,-7.962186998611287e-08,1.0,2.388657946994499e-07,0.0
,2.786767367979337e-07,-2.388657662777405e-07,1.0,0.0

,1.0,1.5924385365906346e-07,2.388657662777405e-07,0.0
,-1.5924381102649932e-07,1.0,-1.5924386786991818e-07,0.0
,-2.388657946994499e-07,1.5924382523735403e-07,1.0,0.0

,1.0,-7.962199788380531e-08,-4.77731532555481e-07,0.0
,7.9621713666711e-08,1.0,-5.971644441160606e-07,0.0
,4.777315893988998e-07,5.971643872726418e-07,1.0,0.0

,1.0,-2.388657662777405e-07,7.96219481458138e-08,0.0
,2.388657946994499e-07,1.0,-4.3792056203528773e-07,0.0
,-7.962184156440344e-08,4.3792056203528773e-07,1.0,0.0

,1.0,1.1943288313887024e-07,-1.2016083928648863e-14,0.0
,-1.1943288313887024e-07,1.0,-3.582986494166107e-07,0.0
,-3.0776559279592844e-14,3.582986494166107e-07,1.0,0.0

,1.0,0.0,0.0,0.0
,0.0,0.9999234676361084,-0.012371004559099674,0.0
,0.0,0.012371004559099674,0.9999234676361084,0.0

,0.9999103546142578,-0.006621122360229492,-0.011635887436568737,0.0
,0.006619546562433243,0.9999780654907227,-0.00017390902212355286,0.0
,0.011636783368885517,9.686913836048916e-05,0.9999322891235352,0.0

,0.9999103546142578,0.006439235061407089,0.011737442575395107,0.0
,-0.006437558680772781,0.9999792575836182,-0.0001806154614314437,0.0
,-0.011738362722098827,0.00010503879457246512,0.9999310970306396,0.0

,1.0,2.7867676521964313e-07,3.981095630933851e-07,0.0
,-2.786766515328054e-07,1.0,-2.3886585154286877e-07,0.0
,-3.9810961993680394e-07,2.3886573785603105e-07,1.0,0.0

,1.0,7.454296024889118e-08,3.6337755204840505e-07,0.0
,-7.454314499000247e-08,1.0,4.92968240450864e-07,0.0
,-3.633774952049862e-07,-4.929682972942828e-07,1.0,0.0

,1.0,5.573534735958674e-07,-3.981097052019322e-08,0.0
,-5.573534735958674e-07,1.0,-7.962190551324966e-08,0.0
,3.981092788762908e-08,7.962192682953173e-08,1.0,0.0

,1.0,-3.981095275662483e-08,-1.5924383944820875e-07,0.0
,3.98109740729069e-08,1.0,1.1943288313887024e-07,0.0
,1.5924383944820875e-07,-1.1943288313887024e-07,1.0,0.0

,1.0,7.962193393495909e-08,-1.1943288313887024e-07,0.0
,-7.962189130239494e-08,1.0,3.582986494166107e-07,0.0
,1.1943291156057967e-07,-3.582986494166107e-07,1.0,0.0

,1.0,3.981092078220172e-08,3.184876788964175e-07,0.0
,-3.981105933803519e-08,1.0,4.3792056203528773e-07,0.0
,-3.184876788964175e-07,-4.3792056203528773e-07,1.0,0.0

,1.0,5.3404814072529824e-14,-4.77731532555481e-07,0.0
,1.3678469435677437e-13,1.0,3.981095915150945e-07,0.0
,4.77731532555481e-07,-3.981095915150945e-07,1.0,0.0

,1.0,-1.1943289734972495e-07,3.981095630933851e-07,0.0
,1.1943286892801552e-07,1.0,7.962195525124116e-08,0.0
,-3.981095915150945e-07,-7.962190551324966e-08,1.0,0.0

,1.0,-7.96218984078223e-08,3.184876788964175e-07,0.0
,7.962196946209588e-08,1.0,-2.3886573785603105e-07,0.0
,-3.184876788964175e-07,2.388657662777405e-07,1.0,0.0

,1.0,-1.1943288313887024e-07,3.981095275662483e-08,0.0
,1.1943288313887024e-07,1.0,2.388657662777405e-07,0.0
,-3.981098117833426e-08,-2.388657662777405e-07,1.0,0.0

,1.0,0.0,0.0,0.0
,0.0,1.0,-2.581516582722543e-07,0.0
,0.0,2.581516582722543e-07,1.0,0.0

,1.0,-2.954840994107144e-08,-1.4898131439622375e-07,0.0
,2.9548450797278747e-08,1.0,2.7743752184505865e-07,0.0
,1.4898130018536904e-07,-2.7743752184505865e-07,1.0,0.0

,1.0,3.078761068309177e-08,2.052507142025206e-08,0.0
,-3.078761068309177e-08,1.0,4.105014284050412e-08,0.0
,-2.0525069643895222e-08,-4.105014284050412e-08,1.0,0.0

,1.0,-3.5603203734800234e-14,-3.184876788964175e-07,0.0
,-9.118979172034053e-14,1.0,-3.981095915150945e-07,0.0
,3.184876788964175e-07,3.981095915150945e-07,1.0,0.0

,1.0,0.0,0.0,0.0
,0.0,1.0,0.0,0.0
,0.0,0.0,1.0,0.0

,1.0,1.5924383944820875e-07,3.184876788964175e-07,0.0
,-1.5924383944820875e-07,1.0,-3.6475915332883496e-14,0.0
,-3.184876788964175e-07,-1.4241283526799167e-14,1.0,0.0

,1.0,1.1943288313887024e-07,1.5924383944820875e-07,0.0
,-1.1943289734972495e-07,1.0,1.5924382523735403e-07,0.0
,-1.5924382523735403e-07,-1.5924383944820875e-07,1.0,0.0

,1.0,-1.5924376839393517e-07,3.582987062600296e-07,0.0
,1.5924399576761061e-07,1.0,-6.369753009494161e-07,0.0
,-3.5829859257319185e-07,6.36975357792835e-07,1.0,0.0

,1.0,7.96218984078223e-08,-1.5924385365906346e-07,0.0
,-7.962196946209588e-08,1.0,-4.3792056203528773e-07,0.0
,1.5924381102649932e-07,4.3792056203528773e-07,1.0,0.0

,1.0,-2.388657662777405e-07,-7.962193393495909e-08,0.0
,2.388657946994499e-07,1.0,2.388657662777405e-07,0.0
,7.962187709154023e-08,-2.388657662777405e-07,1.0,0.0

,1.0,1.9905478154669254e-07,-1.5924383944820875e-07,0.0
,-1.9905479575754725e-07,1.0,-7.962189130239494e-08,0.0
,1.5924382523735403e-07,7.962192682953173e-08,1.0,0.0

]
export const laugh01_mrg = [1.0,0.0,-0.0,0.0
,-0.0,0.177129864692688,-0.9841874837875366,0.5638999938964844
,0.0,0.9841874837875366,0.177129864692688,-0.7609000205993652
,0.0,0.0,0.0,1.0

,1.0,0.0,-0.0,0.0
,0.0,0.8859916925430298,0.463701069355011,0.7268500328063965
,0.0,-0.4637010395526886,0.8859917521476746,0.1445000022649765
,0.0,0.0,0.0,1.0

,-0.047671832144260406,0.9768557548522949,-0.2085191160440445,0.0
,-0.12991422414779663,-0.21304693818092346,-0.9683663249015808,0.7268500328063965
,-0.9903785586357117,-0.019074201583862305,0.13706378638744354,0.1445000022649765
,0.0,0.0,0.0,1.0

,-0.047671832144260406,-0.9768557548522949,0.2085191160440445,0.0
,0.12991422414779663,-0.21304693818092346,-0.9683663249015808,0.7268500328063965
,0.9903785586357117,-0.019074201583862305,0.13706378638744354,0.1445000022649765
,0.0,0.0,0.0,1.0

,1.0,0.0,0.0,0.0
,0.0,0.9408556222915649,-0.33880773186683655,1.1868500709533691
,-0.0,0.33880773186683655,0.9408556222915649,-0.09624999761581421
,0.0,0.0,0.0,1.0

,0.995708167552948,-0.02680589072406292,0.08858127892017365,1.1036499738693237
,-0.01483153086155653,-0.9909823536872864,-0.1331690549850464,0.48614996671676636
,0.0913522019982338,0.1312837302684784,-0.9871267676353455,0.1229500025510788
,0.0,0.0,0.0,1.0

,0.995708167552948,0.02680589072406292,-0.08858127892017365,-1.1036499738693237
,0.01483153086155653,-0.9909823536872864,-0.1331690549850464,0.48614996671676636
,-0.0913522019982338,0.1312837302684784,-0.9871267676353455,0.1229500025510788
,0.0,0.0,0.0,1.0

,1.0,0.0,0.0,0.0
,0.0,0.9929649829864502,-0.11840839684009552,1.8666499853134155
,-0.0,0.11840839684009552,0.9929649829864502,0.14855000376701355
,0.0,0.0,0.0,1.0

,0.9865421652793884,0.14615485072135925,0.07330285757780075,1.0819249153137207
,0.14769364893436432,-0.9889037013053894,-0.01600116491317749,-0.31700000166893005
,0.07015082240104675,0.026612192392349243,-0.9971813559532166,0.2293500006198883
,0.0,0.0,0.0,1.0

,0.9865421652793884,-0.14615485072135925,-0.07330285757780075,-1.0819249153137207
,-0.14769364893436432,-0.9889037013053894,-0.01600116491317749,-0.31700000166893005
,-0.07015082240104675,0.026612192392349243,-0.9971813559532166,0.2293500006198883
,0.0,0.0,0.0,1.0

,1.0,0.0,-0.0,0.0
,0.0,0.977482795715332,0.21101492643356323,2.7966501712799072
,0.0,-0.21101491153240204,0.9774828553199768,0.2594500184059143
,0.0,0.0,0.0,1.0

,0.984711229801178,0.16112078726291656,0.06621113419532776,1.581149935722351
,0.15427754819393158,-0.9831562638282776,0.09799077361822128,-3.694824695587158
,0.08088424801826477,-0.08627772331237793,-0.9929823279380798,0.3202499747276306
,0.0,0.0,0.0,1.0

,0.984711229801178,-0.16112078726291656,-0.06621113419532776,-1.581149935722351
,-0.15427754819393158,-0.9831562638282776,0.09799077361822128,-3.694824695587158
,-0.08088424801826477,-0.08627772331237793,-0.9929823279380798,0.3202499747276306
,0.0,0.0,0.0,1.0

,-0.9089540243148804,0.4168963134288788,0.0,0.0
,-0.12210999429225922,-0.2662349045276642,0.9561423063278198,4.328549385070801
,0.39861223101615906,0.8690893650054932,0.29290252923965454,-0.07124999910593033
,0.0,0.0,0.0,1.0

,-0.9089540243148804,-0.4168963134288788,0.0,0.0
,0.12210999429225922,-0.2662349045276642,0.9561423063278198,4.328549385070801
,-0.39861223101615906,0.8690893650054932,0.29290252923965454,-0.07124999910593033
,0.0,0.0,0.0,1.0

,1.0,0.0,0.0,0.0
,0.0,0.9960454702377319,-0.08884493261575699,4.328549385070801
,-0.0,0.08884493261575699,0.9960454702377319,-0.07124999910593033
,0.0,0.0,0.0,1.0

,0.984711229801178,0.16112078726291656,0.06621112674474716,1.8886749744415283
,0.15427754819393158,-0.9831562042236328,0.09799084067344666,-5.571338176727295
,0.08088424801826477,-0.0862777829170227,-0.9929823279380798,0.1555750072002411
,0.0,0.0,0.0,1.0

,0.984711229801178,-0.16112078726291656,-0.06621112674474716,-1.8886749744415283
,-0.15427754819393158,-0.9831562042236328,0.09799084067344666,-5.571338176727295
,-0.08088424801826477,-0.0862777829170227,-0.9929823279380798,0.1555750072002411
,0.0,0.0,0.0,1.0

,0.3202178478240967,0.923881471157074,0.2095317542552948,0.26554998755455017
,-0.9423642158508301,0.3332938849925995,-0.029409581795334816,5.191349983215332
,-0.09700662642717361,-0.18803775310516357,0.9773594737052917,0.6942500472068787
,0.0,0.0,0.0,1.0

,0.3202178478240967,-0.923881471157074,-0.2095317542552948,-0.26554998755455017
,0.9423642158508301,0.3332938849925995,-0.029409581795334816,5.191349983215332
,0.09700662642717361,-0.18803775310516357,0.9773594737052917,0.6942500472068787
,0.0,0.0,0.0,1.0

,1.0,6.070823133086378e-08,0.0,0.0
,-5.6068291343081e-08,0.9235698580741882,-0.38343027234077454,5.890249252319336
,-2.3277372918073524e-08,0.38343027234077454,0.9235698580741882,0.06804999709129333
,0.0,0.0,0.0,1.0

,0.984711229801178,0.00173666188493371,0.17418603599071503,2.196199893951416
,0.15427757799625397,-0.4730028212070465,-0.8674483895301819,-7.447849750518799
,0.08088403195142746,0.8810591697692871,-0.46603912115097046,-0.00910000130534172
,0.0,0.0,0.0,1.0

,0.984711229801178,-0.00173666188493371,-0.17418603599071503,-2.196199893951416
,-0.15427757799625397,-0.4730028212070465,-0.8674483895301819,-7.447849750518799
,-0.08088403195142746,0.8810591697692871,-0.46603912115097046,-0.00910000130534172
,0.0,0.0,0.0,1.0

,-0.5216073393821716,0.7352932691574097,0.432746559381485,1.1833500862121582
,-0.850985050201416,-0.4119666814804077,-0.3257420063018799,5.522449970245361
,-0.06123873591423035,-0.5381702780723572,0.8406084775924683,0.5074500441551208
,0.0,0.0,0.0,1.0

,-0.5216073393821716,-0.7352932691574097,-0.432746559381485,-1.1833500862121582
,0.850985050201416,-0.4119666814804077,-0.3257420063018799,5.522449970245361
,0.06123873591423035,-0.5381702780723572,0.8406084775924683,0.5074500441551208
,0.0,0.0,0.0,1.0

,1.0,-2.0089075292162306e-08,1.2399365978410515e-08,2.4835268064293814e-08
,2.2962591827990764e-08,0.9496430158615112,-0.31333374977111816,6.2680745124816895
,-5.480386366940593e-09,0.3133337199687958,0.949643075466156,0.22490835189819336
,0.0,0.0,0.0,1.0

,0.9831199049949646,0.0956978127360344,0.1559399962425232,1.8885000944137573
,0.15662318468093872,0.0003772758354898542,-0.9876583814620972,-8.004050254821777
,-0.09457558393478394,0.9954103827476501,-0.014617586508393288,1.3557500839233398
,0.0,0.0,0.0,1.0

,0.9850183129310608,0.07416976988315582,0.15568475425243378,2.13397479057312
,0.1560979038476944,0.00022963783703744411,-0.9877415299415588,-8.00314998626709
,-0.07329631596803665,0.9972456097602844,-0.01135154440999031,1.3844499588012695
,0.0,0.0,0.0,1.0

,0.9873743653297424,0.031803980469703674,0.15517866611480713,2.3085999488830566
,0.1552572250366211,0.0,-0.9878740310668945,-8.002500534057617
,-0.031418327242136,0.999494194984436,-0.004937796853482723,1.353049874305725
,0.0,0.0,0.0,1.0

,0.9876829981803894,0.021051382645964622,0.15504561364650726,2.462050199508667
,0.15507997572422028,0.0,-0.9879019260406494,-8.001949310302734
,-0.020796701312065125,0.9997783899307251,-0.0032646481413394213,1.271649956703186
,0.0,0.0,0.0,1.0

,0.9879434704780579,0.0017038604710251093,0.15480585396289825,2.6076500415802
,0.15480607748031616,0.0,-0.9879449009895325,-8.0014009475708
,-0.0016833202680572867,0.9999985694885254,-0.00026376795722171664,1.2307500839233398
,0.0,0.0,0.0,1.0

,0.9831199049949646,-0.0956978127360344,-0.1559399962425232,-1.8885000944137573
,-0.15662318468093872,0.0003772758354898542,-0.9876583814620972,-8.004050254821777
,0.09457558393478394,0.9954103827476501,-0.014617586508393288,1.3557500839233398
,0.0,0.0,0.0,1.0

,0.9850183129310608,-0.07416976988315582,-0.15568475425243378,-2.13397479057312
,-0.1560979038476944,0.00022963783703744411,-0.9877415299415588,-8.00314998626709
,0.07329631596803665,0.9972456097602844,-0.01135154440999031,1.3844499588012695
,0.0,0.0,0.0,1.0

,0.9873743653297424,-0.031803980469703674,-0.15517866611480713,-2.3085999488830566
,-0.1552572250366211,0.0,-0.9878740310668945,-8.002500534057617
,0.031418327242136,0.999494194984436,-0.004937796853482723,1.353049874305725
,0.0,0.0,0.0,1.0

,0.9876829981803894,-0.021051382645964622,-0.15504561364650726,-2.462050199508667
,-0.15507997572422028,0.0,-0.9879019260406494,-8.001949310302734
,0.020796701312065125,0.9997783899307251,-0.0032646481413394213,1.271649956703186
,0.0,0.0,0.0,1.0

,0.9879434704780579,-0.0017038604710251093,-0.15480585396289825,-2.6076500415802
,-0.15480607748031616,0.0,-0.9879449009895325,-8.0014009475708
,0.0016833202680572867,0.9999985694885254,-0.00026376795722171664,1.2307500839233398
,0.0,0.0,0.0,1.0

,-0.7717529535293579,0.6215375661849976,0.13449347019195557,1.677125096321106
,-0.619384765625,-0.7825981378555298,0.0624723918735981,5.245800018310547
,0.14408327639102936,-0.035089947283267975,0.9889432191848755,0.14605000615119934
,0.0,0.0,0.0,1.0

,-0.7717529535293579,-0.6215375661849976,-0.13449347019195557,-1.677125096321106
,0.619384765625,-0.7825981378555298,0.0624723918735981,5.245800018310547
,-0.14408327639102936,-0.035089947283267975,0.9889432191848755,0.14605000615119934
,0.0,0.0,0.0,1.0

,1.0,-4.3690871365242856e-08,-4.0100271547771627e-08,1.7384687467369986e-08
,5.7121560814721306e-08,0.8913609385490417,0.4532942473888397,6.620275497436523
,1.5938995900910413e-08,-0.45329421758651733,0.8913609981536865,0.34111669659614563
,0.0,0.0,0.0,1.0

,0.9776643514633179,0.14030170440673828,0.15648598968982697,1.9139000177383423
,0.15797944366931915,0.0004989762092009187,-0.9874422550201416,-8.003950119018555
,-0.13861791789531708,0.9901086688041687,-0.02167695388197899,1.6199499368667603
,0.0,0.0,0.0,1.0

,0.9875780940055847,0.025189891457557678,0.1550968587398529,2.1503000259399414
,0.15514610707759857,0.0,-0.9878915548324585,-8.00309944152832
,-0.02488488331437111,0.9996826648712158,-0.003908113110810518,1.603950023651123
,0.0,0.0,0.0,1.0

,0.9877315759658813,-0.022702353075146675,0.1545024812221527,2.315049886703491
,0.15454231202602386,0.0,-0.9879862070083618,-8.002500534057617
,0.022429611533880234,0.9997422695159912,0.0035084739793092012,1.5557501316070557
,0.0,0.0,0.0,1.0

,0.9842542409896851,-0.08724818378686905,0.1537250429391861,2.4653749465942383
,0.15427757799625397,-0.00041506491834297776,-0.9880274534225464,-8.001949310302734
,0.08626740425825119,0.9961865544319153,0.013051907531917095,1.4295498132705688
,0.0,0.0,0.0,1.0

,0.9762496948242188,-0.15347641706466675,0.15291030704975128,2.6078500747680664
,0.1546088606119156,-0.000878198363352567,-0.9879753589630127,-8.0014009475708
,0.15176522731781006,0.9881519079208374,0.02287147007882595,1.3481498956680298
,0.0,0.0,0.0,1.0

,0.9776643514633179,-0.14030170440673828,-0.15648598968982697,-1.9139000177383423
,-0.15797944366931915,0.0004989762092009187,-0.9874422550201416,-8.003950119018555
,0.13861791789531708,0.9901086688041687,-0.02167695388197899,1.6199499368667603
,0.0,0.0,0.0,1.0

,0.9875780940055847,-0.025189891457557678,-0.1550968587398529,-2.1503000259399414
,-0.15514610707759857,0.0,-0.9878915548324585,-8.00309944152832
,0.02488488331437111,0.9996826648712158,-0.003908113110810518,1.603950023651123
,0.0,0.0,0.0,1.0

,0.9877315759658813,0.022702353075146675,-0.1545024812221527,-2.315049886703491
,-0.15454231202602386,0.0,-0.9879862070083618,-8.002500534057617
,-0.022429611533880234,0.9997422695159912,0.0035084739793092012,1.5557501316070557
,0.0,0.0,0.0,1.0

,0.9842542409896851,0.08724818378686905,-0.1537250429391861,-2.4653749465942383
,-0.15427757799625397,-0.00041506491834297776,-0.9880274534225464,-8.001949310302734
,-0.08626740425825119,0.9961865544319153,0.013051907531917095,1.4295498132705688
,0.0,0.0,0.0,1.0

,0.9762496948242188,0.15347641706466675,-0.15291030704975128,-2.6078500747680664
,-0.1546088606119156,-0.000878198363352567,-0.9879753589630127,-8.0014009475708
,-0.15176522731781006,0.9881519079208374,0.02287147007882595,1.3481498956680298
,0.0,0.0,0.0,1.0

,-0.757612407207489,0.6439220309257507,0.10671378672122955,2.059387445449829
,-0.6367889642715454,-0.7650775909423828,0.09568754583597183,4.764481067657471
,0.143259659409523,0.004539910703897476,0.9896747469902039,0.12446874380111694
,0.0,0.0,0.0,1.0

,-0.757612407207489,-0.6439220309257507,-0.10671378672122955,-2.059387445449829
,0.6367889642715454,-0.7650775909423828,0.09568754583597183,4.764481067657471
,-0.143259659409523,0.004539910703897476,0.9896747469902039,0.12446874380111694
,0.0,0.0,0.0,1.0

,1.0,0.0,-0.0,0.0
,0.0,0.9985029697418213,0.0546962134540081,6.974949836730957
,0.0,-0.054696209728717804,0.9985030293464661,0.16075000166893005
,0.0,0.0,0.0,1.0

,0.9861512780189514,0.057728949934244156,0.15547700226306915,2.1538000106811523
,0.15572045743465424,0.0002848580479621887,-0.9878011345863342,-8.00309944152832
,-0.05706901475787163,0.9983322620391846,-0.00870866421610117,1.7428499460220337
,0.0,0.0,0.0,1.0

,0.9878612160682678,0.011332765221595764,0.15492525696754456,2.3121750354766846
,0.15493521094322205,0.0,-0.9879246354103088,-8.002500534057617
,-0.011195918545126915,0.9999357461929321,-0.0017558443360030651,1.6823498010635376
,0.0,0.0,0.0,1.0

,0.985744059085846,0.06414937227964401,0.15554293990135193,2.454549789428711
,0.15583492815494537,0.00045722699724137783,-0.9877830147743225,-8.00200080871582
,-0.06343677639961243,0.9979402422904968,-0.009546003304421902,1.5531498193740845
,0.0,0.0,0.0,1.0

,0.9879263639450073,0.005305842962116003,0.15483318269252777,2.5948500633239746
,0.15483419597148895,0.0002192322863265872,-0.9879404306411743,-8.00147533416748
,-0.0052758012898266315,0.9999858736991882,-0.000604940636549145,1.4318499565124512
,0.0,0.0,0.0,1.0

,0.9861512780189514,-0.057728949934244156,-0.15547700226306915,-2.1538000106811523
,-0.15572045743465424,0.0002848580479621887,-0.9878011345863342,-8.00309944152832
,0.05706901475787163,0.9983322620391846,-0.00870866421610117,1.7428499460220337
,0.0,0.0,0.0,1.0

,0.9878612160682678,-0.011332765221595764,-0.15492525696754456,-2.3121750354766846
,-0.15493521094322205,0.0,-0.9879246354103088,-8.002500534057617
,0.011195918545126915,0.9999357461929321,-0.0017558443360030651,1.6823498010635376
,0.0,0.0,0.0,1.0

,0.985744059085846,-0.06414937227964401,-0.15554293990135193,-2.454549789428711
,-0.15583492815494537,0.00045722699724137783,-0.9877830147743225,-8.00200080871582
,0.06343677639961243,0.9979402422904968,-0.009546003304421902,1.5531498193740845
,0.0,0.0,0.0,1.0

,0.9879263639450073,-0.005305842962116003,-0.15483318269252777,-2.5948500633239746
,-0.15483419597148895,0.0002192322863265872,-0.9879404306411743,-8.00147533416748
,0.0052758012898266315,0.9999858736991882,-0.000604940636549145,1.4318499565124512
,0.0,0.0,0.0,1.0

,-0.7576124668121338,0.5224955081939697,-0.3911800980567932,3.1293625831604004
,-0.6367889642715454,-0.46014365553855896,0.6186822652816772,3.493187427520752
,0.143259659409523,0.7178204655647278,0.6813299655914307,0.1320125013589859
,0.0,0.0,0.0,1.0

,-0.7576124668121338,-0.5224955081939697,0.3911800980567932,-3.1293625831604004
,0.6367889642715454,-0.46014365553855896,0.6186822652816772,3.493187427520752
,-0.143259659409523,0.7178204655647278,0.6813299655914307,0.1320125013589859
,0.0,0.0,0.0,1.0

,1.0,0.0,-0.0,0.0
,0.0,-0.7778681516647339,-0.6284275054931641,6.8847503662109375
,-0.0,0.6284275054931641,-0.7778681516647339,0.6414499878883362
,0.0,0.0,0.0,1.0

,-0.5220259428024292,0.6446123719215393,-0.5585372447967529,0.034699998795986176
,-0.08386392146348953,-0.6904643177986145,-0.7184886932373047,7.140999794006348
,-0.8487966060638428,-0.32822859287261963,0.41449999809265137,1.548699975013733
,0.0,0.0,0.0,1.0

,-0.5220259428024292,-0.6446123719215393,0.5585372447967529,-0.034699998795986176
,0.08386392146348953,-0.6904643177986145,-0.7184886932373047,7.140999794006348
,0.8487966060638428,-0.32822859287261963,0.41449999809265137,1.548699975013733
,0.0,0.0,0.0,1.0

,-1.0,0.0,0.0,0.0
,0.0,-0.032781511545181274,0.9994626045227051,6.846700191497803
,0.0,0.9994626045227051,0.032781511545181274,-0.1843000054359436
,0.0,0.0,0.0,1.0

,-1.0,0.0,0.0,0.0
,0.0,0.11610262095928192,0.9932372570037842,6.8847503662109375
,0.0,0.9932371973991394,-0.11610262840986252,0.6414499878883362
,0.0,0.0,0.0,1.0

,0.9815223217010498,0.1880924552679062,-0.03514472022652626,0.0
,-0.010465995408594608,-0.13062222301959991,-0.9913769960403442,8.404350280761719
,-0.19106122851371765,0.9734264016151428,-0.1262400597333908,0.0824500024318695
,0.0,0.0,0.0,1.0

,0.9815223217010498,-0.1880924552679062,0.03514472022652626,0.0
,0.010465995408594608,-0.13062222301959991,-0.9913769960403442,8.404350280761719
,0.19106122851371765,0.9734264016151428,-0.1262400597333908,0.0824500024318695
,0.0,0.0,0.0,1.0

,-0.703450083732605,-0.4305552542209625,-0.5654910802841187,0.6302000284194946
,-0.6224962472915649,-0.010752227157354355,0.7825489044189453,7.354100227355957
,-0.3430108428001404,0.9025002121925354,-0.26045534014701843,1.0901999473571777
,0.0,0.0,0.0,1.0

,-0.703450083732605,0.4305552542209625,0.5654910802841187,-0.6302000284194946
,0.6224962472915649,-0.010752227157354355,0.7825489044189453,7.354100227355957
,0.3430108428001404,0.9025002121925354,-0.26045534014701843,1.0901999473571777
,0.0,0.0,0.0,1.0

,-0.9041298627853394,-0.3900550901889801,0.17437390983104706,0.6539000272750854
,0.11864838004112244,0.16285870969295502,0.9794894456863403,7.14169979095459
,-0.4104531407356262,0.9062748551368713,-0.10096600651741028,1.044700026512146
,0.0,0.0,0.0,1.0

,-0.9041298627853394,0.3900550901889801,-0.17437390983104706,-0.6539000272750854
,-0.11864838004112244,0.16285870969295502,0.9794894456863403,7.14169979095459
,0.4104531407356262,0.9062748551368713,-0.10096600651741028,1.044700026512146
,0.0,0.0,0.0,1.0

,-0.7576123476028442,0.5224955677986145,-0.391180157661438,3.7206063270568848
,-0.6367889642715454,-0.460143506526947,0.6186822652816772,2.9724998474121094
,0.14325971901416779,0.7178205251693726,0.6813298463821411,0.9442813396453857
,0.0,0.0,0.0,1.0

,-0.7576123476028442,-0.5224955677986145,0.391180157661438,-3.7206063270568848
,0.6367889642715454,-0.460143506526947,0.6186822652816772,2.9724998474121094
,-0.14325971901416779,0.7178205251693726,0.6813298463821411,0.9442813396453857
,0.0,0.0,0.0,1.0

,-1.0,0.0,0.0,0.0
,0.0,0.17855204641819,0.9839304685592651,6.1554999351501465
,0.0,0.9839304685592651,-0.17855204641819,1.2305999994277954
,0.0,0.0,0.0,1.0

,-1.0,0.0,0.0,0.0
,0.0,0.5868842005729675,-0.8096709251403809,6.1554999351501465
,-0.0,-0.8096709251403809,-0.5868842005729675,1.2305999994277954
,0.0,0.0,0.0,1.0

,-0.5220259428024292,0.3180696666240692,-0.7914041876792908,0.20340000092983246
,-0.08386389166116714,-0.9425106644630432,-0.32348188757896423,6.960299968719482
,-0.8487966656684875,-0.1024956926703453,0.5186895728111267,1.4628000259399414
,0.0,0.0,0.0,1.0

,-0.5220259428024292,-0.3180696666240692,0.7914041876792908,-0.20340000092983246
,0.08386389166116714,-0.9425106644630432,-0.32348188757896423,6.960299968719482
,0.8487966656684875,-0.1024956926703453,0.5186895728111267,1.4628000259399414
,0.0,0.0,0.0,1.0

,-0.3396068215370178,0.9358256459236145,-0.0943264588713646,0.0
,-0.2450234591960907,-0.1848476678133011,-0.9517325758934021,6.789400100708008
,-0.9080917835235596,-0.3001026511192322,0.2920747995376587,1.5627000331878662
,0.0,0.0,0.0,1.0

,-0.3396068215370178,-0.9358256459236145,0.0943264588713646,0.0
,0.2450234591960907,-0.1848476678133011,-0.9517325758934021,6.789400100708008
,0.9080917835235596,-0.3001026511192322,0.2920747995376587,1.5627000331878662
,0.0,0.0,0.0,1.0

,-1.0,0.0,0.0,0.0
,0.0,-0.9997918009757996,0.02040410041809082,6.789400100708008
,0.0,0.02040410041809082,0.9997918009757996,1.5627000331878662
,0.0,0.0,0.0,1.0

,-0.7723281979560852,0.5416640043258667,0.3318271338939667,0.05889999866485596
,-0.3497588336467743,0.07344663143157959,-0.9339563250541687,6.9166998863220215
,-0.5302621126174927,-0.8373802304267883,0.13272687792778015,1.6613999605178833
,0.0,0.0,0.0,1.0

